location-gps.txt

This provider determines location using satellites. Depending on conditions, this provider may take a while to return a location fix..
http://developer.android.com/reference/android/location/LocationManager.html

elapsed-time-system elapsed-time-sensor latitude longitude altitude bearing accuracy speed
4.882 5.247 52.00567605905235 4.366845823824406 57.0 258.0 9.0 1.39
5.887 6.248 52.00561625417322 4.366850350052118 66.0 238.3 8.5 0.71999997
6.697 7.048 52.005622666329145 4.366768458858132 63.0 236.6 11.5 0.52
7.376 7.724 52.00558922253549 4.366831993684173 56.0 218.8 6.5 0.82
8.384 8.724 52.005574512295425 4.366808859631419 58.0 213.6 5.5 1.31
9.384 9.724 52.005568142049015 4.366796454414725 57.0 212.1 5.0 1.22
10.383 10.724 52.00556252617389 4.366792682558298 58.0 211.6 4.5 1.3299999
11.365 11.724 52.0055628195405 4.366779858246446 57.0 206.4 4.0 1.5699999
12.351 12.724 52.00555615592748 4.366763178259134 57.0 208.3 3.5 1.55
13.373 13.724 52.00554161332548 4.3667554669082165 57.0 213.2 3.5 1.4599999
14.361 14.724 52.00552572961897 4.366742474958301 59.0 213.9 3.0 1.56
15.386 15.724 52.00551437214017 4.366733422502875 58.0 216.9 3.0 1.36
16.395 16.724 52.005503894761205 4.366721687838435 59.0 215.2 3.0 1.42
17.399 17.724 52.005491238087416 4.36671263538301 59.0 210.9 3.0 1.4599999
18.395 18.724 52.00548076070845 4.366699475795031 59.0 209.8 3.0 1.5799999
19.362 19.724 52.00546915177256 4.366691596806049 60.0 213.8 3.0 1.35
20.377 20.724 52.00545812956989 4.3666786048561335 60.0 211.1 3.0 1.39
21.378 21.724 52.00544853229076 4.366665529087186 58.0 209.8 3.0 1.4599999
22.394 22.724 52.00543956365436 4.366657314822078 58.0 212.6 3.0 1.42
23.389 23.724 52.005426194518805 4.366648010909557 58.0 212.0 3.0 1.4499999
24.388 24.724 52.005411819554865 4.366639461368322 58.0 206.1 2.5 1.52
25.383 25.724 52.005403311923146 4.366625547409058 57.0 205.0 3.0 1.5699999
26.381 26.724 52.005396857857704 4.366615489125252 56.0 208.1 2.5 1.38
27.422 27.724 52.00538453646004 4.3666099570691586 56.0 211.1 2.5 1.43
28.382 28.724 52.00537007767707 4.366598054766655 56.0 211.4 2.5 1.4399999
29.369 29.724 52.005358301103115 4.366578022018075 56.0 211.8 2.5 1.41
30.349 30.724 52.00534380041063 4.3665663711726665 56.0 207.1 2.5 1.28
31.446 31.724 52.00533546041697 4.366558073088527 55.0 208.0 2.5 1.23
32.358 32.724 52.00532691087574 4.36655480414629 55.0 206.2 2.5 1.31
33.386 33.724 52.00531584676355 4.366543488577008 55.0 209.2 2.5 1.4399999
34.387 34.724 52.005308428779244 4.366525299847126 54.0 210.4 2.5 1.37
35.389 35.724 52.005298496223986 4.366517839953303 54.0 209.7 2.5 1.3399999
36.356 36.724 52.00528642628342 4.366506189107895 53.0 208.5 2.0 1.42
37.377 37.724 52.00527620036155 4.366493029519916 53.0 209.8 2.5 1.39
38.446 38.724 52.00526517815888 4.3664786126464605 52.0 205.9 2.0 1.4699999
39.394 39.724 52.00525239575654 4.366466794162989 53.0 205.2 2.0 1.52
40.367 40.724 52.00524049345404 4.3664556462317705 53.0 206.9 2.0 1.4499999
41.397 41.724 52.005230225622654 4.366449108347297 52.0 204.3 2.0 1.48
42.379 42.724 52.00521618593484 4.36643754132092 52.0 207.1 2.0 1.55
43.391 43.724 52.00520223006606 4.366426561027765 52.0 209.1 2.0 1.51
44.377 44.724 52.005188525654376 4.366416083648801 52.0 211.5 2.0 1.4399999
45.375 45.724 52.00517788063735 4.3664073664695024 52.0 209.6 2.0 1.5
46.393 46.724 52.005164846777916 4.3664011638611555 52.0 207.0 2.0 1.4699999
47.390 47.724 52.00515164528042 4.366390518844128 52.0 209.2 2.0 1.55
48.380 48.724 52.005140581168234 4.366379203274846 52.0 209.8 2.0 1.5
49.387 49.724 52.005129433237016 4.366370569914579 52.0 207.9 2.0 1.4599999
50.389 50.724 52.00511874631047 4.366357997059822 52.0 210.1 1.5 1.5
51.388 51.724 52.005105167627335 4.366349698975682 52.0 202.5 1.5 1.66
52.378 52.724 52.005090080201626 4.366343664005399 52.0 202.6 1.5 1.56
53.376 53.724 52.00507771689445 4.366331174969673 52.0 206.9 1.5 1.4499999
54.399 54.724 52.00506485067308 4.366323379799724 52.0 207.5 1.5 1.4499999
55.363 55.724 52.005049721337855 4.366310136392713 52.0 206.0 2.0 1.53
56.388 56.724 52.005036561749876 4.366299072280526 52.0 206.4 2.0 1.5699999
57.376 57.724 52.00502273160964 4.366286834701896 52.0 214.0 2.0 1.51
58.379 58.724 52.00501032639295 4.36627677641809 52.0 219.1 2.0 1.43
59.405 59.724 52.00499846599996 4.366263197734952 53.0 221.1 2.0 1.4699999
60.386 60.724 52.00498463585973 4.36624551191926 53.0 230.6 2.0 1.5899999
61.374 61.724 52.004975751042366 4.366224724799395 53.0 234.9 2.0 1.5
62.381 62.724 52.00496783014387 4.366206871345639 53.0 237.7 2.0 1.4599999
63.358 63.724 52.00496380683035 4.366184826940298 53.0 239.0 2.0 1.4599999
64.379 64.724 52.00495672412217 4.366162279620767 53.0 239.6 2.0 1.5799999
65.369 65.724 52.00495261698961 4.3661373015493155 53.0 240.5 2.0 1.54
66.364 66.724 52.004948132671416 4.366119783371687 53.0 240.9 2.0 1.4699999
67.387 67.724 52.00494255870581 4.366100588813424 53.0 238.2 2.0 1.49
68.378 68.724 52.00493585318327 4.366081058979034 53.0 241.7 2.0 1.51
69.379 69.724 52.00492885429412 4.366062954068184 53.0 237.6 2.0 1.55
70.380 70.724 52.004920430481434 4.366045519709587 53.0 241.3 2.0 1.48
71.400 71.724 52.00491250958294 4.366029007360339 53.0 238.1 2.0 1.38
72.396 72.724 52.00490651652217 4.3660106509923935 53.0 235.6 2.0 1.43
73.383 73.724 52.00490416958928 4.365990534424782 53.0 240.7 2.0 1.42
74.381 74.724 52.00490186456591 4.365968573838472 54.0 242.8 2.0 1.36
75.397 75.724 52.0049015711993 4.365948121994734 54.0 243.6 2.0 1.3299999
76.384 76.724 52.00490199029446 4.365926831960678 54.0 245.9 2.0 1.29
77.392 77.724 52.004900397732854 4.365907134488225 54.0 247.0 2.0 1.29
78.400 78.724 52.00488937553018 4.365891544148326 54.0 240.6 2.0 1.3399999
79.403 79.724 52.00487906578928 4.365875702351332 53.0 239.3 2.0 1.4
80.383 80.724 52.00487273745239 4.365856591612101 53.0 245.0 2.0 1.3399999
81.388 81.724 52.00486657675356 4.365837061777711 53.0 257.4 2.0 1.39
82.381 82.724 52.00486343353987 4.365816526114941 52.0 266.0 2.0 1.42
83.401 83.724 52.00486309826374 4.365798253566027 52.0 285.7 2.0 1.37
84.389 84.724 52.00486808549613 4.3657812383025885 51.0 311.6 2.0 1.3299999
85.379 85.724 52.00487931724638 4.365763971582055 51.0 322.3 2.5 1.49
86.383 86.724 52.00489163864404 4.3657479621469975 50.0 323.3 2.0 1.41
87.390 87.724 52.00490257702768 4.3657332099974155 50.0 324.6 2.0 1.51
88.385 88.724 52.00491074938327 4.36572072096169 49.0 320.4 2.0 1.4399999
89.391 89.724 52.00492038857192 4.365705633535981 49.0 315.6 2.0 1.38
90.385 90.724 52.00493300333619 4.365688618272543 49.0 316.2 2.5 1.35
91.389 91.724 52.004942768253386 4.365673195570707 48.0 310.8 2.0 1.43
92.385 92.724 52.00494892895222 4.3656545877456665 48.0 304.0 2.0 1.42
93.395 93.724 52.004957646131516 4.365641260519624 49.0 311.4 2.5 1.13
94.390 94.724 52.00496690813452 4.36563178896904 49.0 330.5 2.5 1.3199999
95.405 95.724 52.004978684708476 4.365618294104934 49.0 343.0 2.5 1.3299999
96.378 96.724 52.0049895811826 4.365606810897589 49.0 348.7 2.5 1.39
97.398 97.724 52.005003369413316 4.365595579147339 49.0 349.8 2.5 1.4399999
98.390 98.724 52.005014726892114 4.365581497550011 49.0 346.2 2.5 1.36
99.392 99.724 52.0050265872851 4.365573618561029 48.0 342.3 3.0 1.23
100.385 100.724 52.00503442436457 4.365558950230479 48.0 336.7 3.0 1.05
101.360 101.724 52.0050437701866 4.365548305213451 48.0 335.4 3.0 1.24
102.397 102.724 52.005054079927504 4.36553749255836 47.0 334.1 3.0 1.22
103.397 103.724 52.00506292283535 4.365529697388411 47.0 334.6 3.0 1.0799999
104.382 104.724 52.0050741545856 4.365520225837827 47.0 328.2 3.0 1.29
105.388 105.724 52.0050855120644 4.365502372384071 47.0 324.9 3.0 1.26
106.404 106.724 52.00509561225772 4.365487117320299 47.0 332.9 3.0 1.51
107.392 107.724 52.00510965194553 4.365468006581068 47.0 332.3 2.5 1.4699999
108.385 108.724 52.00512096751481 4.365454679355025 47.0 322.6 2.5 1.49
109.398 109.724 52.005132031627 4.365439089015126 47.0 317.9 3.0 1.26
110.406 110.724 52.00514012016356 4.365429533645511 46.0 320.7 2.5 1.1999999
111.390 111.724 52.00514854397625 4.365421906113625 46.0 326.5 3.0 1.26
112.389 112.724 52.005159398540854 4.365409668534994 46.0 329.1 2.5 1.41
113.387 113.724 52.005172139033675 4.3653971794992685 45.0 331.4 2.5 1.5
114.385 114.724 52.005185382440686 4.365388797596097 45.0 340.3 2.5 1.52
115.358 115.724 52.00519795529544 4.36538016423583 45.0 334.8 2.5 1.51
116.393 116.724 52.00520994141698 4.365369938313961 45.0 332.7 2.5 1.4599999
117.380 117.724 52.005223436281085 4.365360634401441 44.0 334.0 2.5 1.41
118.380 118.724 52.00523441657424 4.365349570289254 44.0 329.5 2.5 1.0799999
119.391 119.724 52.005241541191936 4.365336326882243 44.0 323.3 2.5 1.11
120.353 120.724 52.00525130610913 4.365324005484581 44.0 328.1 2.5 1.3399999
121.385 121.724 52.005262579768896 4.365314031019807 43.0 334.1 2.5 1.41
122.392 122.724 52.00527221895754 4.36530489474535 44.0 340.8 2.5 1.42
123.381 123.724 52.005284749902785 4.3652944173663855 44.0 338.0 2.5 1.56
124.392 124.724 52.00529858004302 4.365282850340009 44.0 338.1 2.5 1.48
125.381 125.724 52.0053125359118 4.365276815369725 44.0 342.7 2.5 1.39
126.388 126.724 52.005322678014636 4.365264242514968 44.0 335.3 2.5 1.3199999
127.390 127.724 52.00533491559327 4.365253262221813 44.0 337.8 3.0 1.4499999
128.385 128.724 52.00534853618592 4.365244964137673 44.0 336.1 3.0 1.4
129.386 129.724 52.005360941402614 4.365234654396772 43.0 338.3 2.5 1.4599999
130.381 130.724 52.00537380762398 4.36522233299911 43.0 331.8 3.0 1.66
131.406 131.724 52.00538114178926 4.365207916125655 42.0 327.7 3.0 1.55
132.388 132.724 52.00539358891547 4.36519643291831 43.0 325.4 3.0 1.5
133.385 133.724 52.00540419202298 4.365179082378745 43.0 327.4 3.0 1.52
134.383 134.724 52.005415759049356 4.3651642464101315 43.0 328.0 2.5 1.52
135.385 135.724 52.00543017592281 4.365156786516309 43.0 328.7 3.0 1.48
136.387 136.724 52.00544555671513 4.36514806933701 43.0 330.6 2.5 1.4499999
137.389 137.724 52.00546236243099 4.36514220200479 43.0 330.0 2.5 1.67
138.389 138.724 52.00547661166638 4.36512946151197 43.0 334.2 2.5 1.61
139.356 139.724 52.00549056753516 4.365118648856878 43.0 347.0 2.5 1.54
140.383 140.724 52.0055049424991 4.365115212276578 43.0 349.0 2.5 1.43
141.380 141.724 52.005518269725144 4.3650994542986155 43.0 341.9 2.5 1.4
142.386 142.724 52.00552640017122 4.365085707977414 43.0 338.9 2.5 1.4499999
143.399 143.724 52.0055377157405 4.365072380751371 44.0 335.7 2.5 1.54
144.383 144.724 52.00554685201496 4.3650582153350115 44.0 334.4 2.5 1.4399999
145.390 145.724 52.00555653311312 4.365051677450538 43.0 340.7 2.5 1.27
146.381 146.724 52.00557132717222 4.365043798461556 43.0 347.0 2.5 1.55
147.390 147.724 52.0055836904794 4.3650381825864315 43.0 349.4 2.5 1.3199999
148.386 148.724 52.005598274990916 4.365033991634846 43.0 351.7 2.5 1.25
149.395 149.724 52.00560912955552 4.365021670237184 43.0 344.9 2.5 1.23
150.393 150.724 52.005616505630314 4.3650049064308405 43.0 336.1 2.5 1.28
151.398 151.724 52.00562585145235 4.36499266885221 43.0 333.9 3.0 1.3199999
152.386 152.724 52.00564060360193 4.364981018006802 43.0 332.1 3.0 1.49
153.405 153.724 52.00565430801362 4.36496626585722 42.0 326.7 3.0 1.12
154.365 154.724 52.00566583313048 4.364954866468906 42.0 327.1 3.0 1.24
155.399 155.724 52.005677903071046 4.364945646375418 42.0 327.8 3.0 1.06
156.385 156.724 52.00569164939225 4.364931732416153 41.0 337.1 3.0 1.39
157.387 157.724 52.00570392888039 4.364923350512981 42.0 345.9 2.5 1.3399999
158.405 158.724 52.00571620836854 4.36492133885622 42.0 2.7 2.5 1.18
159.414 159.724 52.005728906951845 4.364926032721996 42.0 12.9 2.5 1.28
160.356 160.724 52.005741856992245 4.364929720759392 42.0 23.7 2.5 1.41
161.395 161.724 52.00575526803732 4.364938018843532 42.0 27.0 2.5 1.36
162.370 162.724 52.00576972682029 4.364954698830843 43.0 36.2 2.5 1.28
163.399 163.724 52.00578087475151 4.3649660144001245 43.0 36.0 2.5 1.26
164.383 164.724 52.00579319614917 4.364972049370408 43.0 36.6 2.0 1.26
165.414 165.724 52.00580635573715 4.364983784034848 44.0 39.9 2.0 1.28
166.382 166.724 52.00581658165902 4.364996021613479 44.0 44.1 2.0 1.36
167.404 167.724 52.00582324527204 4.365010857582092 44.0 54.3 2.0 1.27
168.391 168.724 52.00582647230476 4.365029968321323 44.0 64.3 2.0 1.4399999
169.394 169.724 52.005828567780554 4.365051090717316 44.0 68.6 2.0 1.4699999
170.387 170.724 52.00583640486002 4.365070117637515 44.0 65.6 2.0 1.65
171.382 171.724 52.00584704987705 4.365092245861888 44.0 67.3 2.0 1.4699999
172.381 172.724 52.0058530010283 4.365111272782087 44.0 71.0 2.0 1.5799999
173.367 173.724 52.00586037710309 4.365133568644524 44.0 65.4 2.0 1.5999999
174.376 174.724 52.00587026774883 4.3651551101356745 44.0 62.6 2.0 1.5899999
175.391 175.724 52.00587999075651 4.365176483988762 44.0 62.4 2.0 1.55
176.377 176.724 52.00588854029775 4.365196852013469 44.0 67.4 2.0 1.4499999
177.384 177.724 52.00589348562062 4.3652148731052876 44.0 65.0 2.0 1.48
178.368 178.724 52.00589859858155 4.365228535607457 45.0 68.9 2.0 1.41
179.398 179.724 52.0059074414894 4.3652469757944345 44.0 63.5 2.5 1.56
180.388 180.724 52.005916787311435 4.365267511457205 45.0 61.9 2.5 1.56
181.399 181.724 52.00592361856252 4.365289555862546 45.0 69.7 2.5 1.43
182.392 182.724 52.005929234437644 4.365309672430158 45.0 68.8 2.5 1.4399999
183.401 183.724 52.005936107598245 4.36532836407423 45.0 63.1 2.5 1.51
184.364 184.724 52.00594222638756 4.365346385166049 45.0 59.9 2.5 1.52
185.361 185.724 52.00594838708639 4.365363987162709 45.0 61.0 2.5 1.4399999
186.364 186.724 52.00595697853714 4.3653851095587015 45.0 58.0 3.0 1.52
187.378 187.724 52.00596548616886 4.365402543917298 45.0 54.8 2.5 1.3399999
188.394 188.724 52.00597143732011 4.365421738475561 45.0 60.9 3.0 1.43
189.398 189.724 52.00597755610943 4.365443447604775 45.0 69.8 2.5 1.51
190.384 190.724 52.00598178897053 4.365464653819799 45.0 76.0 2.5 1.42
191.392 191.724 52.00598438736051 4.365488290786743 45.0 76.0 2.5 1.4499999
192.388 192.724 52.005985979922116 4.365515364333987 45.0 71.0 2.5 1.56
193.383 193.724 52.00598924886435 4.365538498386741 45.0 65.5 2.5 1.29
194.376 194.724 52.0059938589111 4.365557190030813 45.0 60.4 2.5 1.12
195.385 195.724 52.00600219890475 4.365573534741998 45.0 56.9 2.5 1.29
196.384 196.724 52.00601028744131 4.365593148395419 45.0 57.8 2.5 1.4
197.395 197.724 52.006018459796906 4.365606559440494 45.0 64.6 3.0 1.64
198.381 198.724 52.006026045419276 4.365627514198422 45.0 67.7 2.5 1.4499999
199.387 199.724 52.006031409837306 4.365643607452512 46.0 68.8 2.5 1.55
200.385 200.724 52.006040001288056 4.365672189742327 46.0 64.6 2.5 1.65
201.355 201.724 52.00604612007737 4.36569825746119 45.0 59.2 2.5 1.52
202.391 202.724 52.00605249032378 4.365719044581056 45.0 67.7 2.5 1.52
203.391 203.724 52.00605793856084 4.36574125662446 45.0 75.0 2.5 1.54
204.385 204.724 52.006064392626286 4.365765145048499 46.0 69.9 2.5 1.5899999
205.381 205.724 52.00607466045767 4.365783669054508 46.0 63.7 2.5 1.54
206.399 206.724 52.006083419546485 4.365803366526961 46.0 62.5 2.5 1.5999999
207.392 207.724 52.00609037652612 4.365823483094573 46.0 65.5 2.5 1.55
208.404 208.724 52.00609854888171 4.365844940766692 46.0 63.5 2.5 1.4399999
209.389 209.724 52.00610399711877 4.365870589390397 46.0 66.6 2.5 1.28
210.388 210.724 52.00611351057887 4.36588928103447 46.0 66.8 2.5 1.43
211.389 211.724 52.00612402986735 4.365907134488225 47.0 63.8 2.5 1.4699999
212.392 212.724 52.00613216031343 4.365923898294568 48.0 61.6 2.5 1.56
213.393 213.724 52.006141087040305 4.365944182500243 48.0 65.2 2.5 1.56
214.392 214.724 52.00614842120558 4.365966394543648 48.0 68.4 2.5 1.48
215.393 215.724 52.00615169014782 4.365987433120608 48.0 68.3 2.5 1.28
216.384 216.724 52.006154749542475 4.366009645164013 48.0 74.8 3.0 1.1899999
217.408 217.724 52.00615076813847 4.366033282130957 48.0 97.8 2.5 1.27
218.392 218.724 52.00613999739289 4.366051722317934 48.0 106.2 2.5 1.09
219.401 219.724 52.00613517779857 4.366071419790387 48.0 107.3 2.5 1.0699999
220.391 220.724 52.00612897519022 4.366089776158333 47.0 109.0 2.5 0.84
221.378 221.724 52.00612101238221 4.366107042878866 48.0 96.9 2.5 1.1
222.389 222.724 52.00612193439156 4.366123219951987 48.0 88.7 2.5 1.11
223.405 223.724 52.006124490872025 4.366141827777028 48.0 79.7 2.5 1.39
224.402 224.724 52.00612382031977 4.366163453087211 49.0 82.8 3.0 1.24
225.396 225.724 52.00612667016685 4.366185246035457 48.0 83.5 3.0 1.39
226.386 226.724 52.00612826272845 4.3662044405937195 48.0 79.6 3.0 1.25
227.391 227.724 52.006131364032626 4.366228496655822 48.0 69.9 3.0 1.63
228.398 228.724 52.0061328727752 4.36625330708921 47.0 69.8 3.0 1.4499999
229.360 229.724 52.00613568071276 4.366274094209075 47.0 67.5 3.0 1.48
230.372 230.724 52.00614096131176 4.3662921991199255 46.0 62.6 3.0 1.4399999
231.376 231.724 52.006146744824946 4.366313572973013 46.0 62.7 3.0 1.3399999
232.379 232.724 52.00615093577653 4.366339389234781 46.0 66.9 2.5 1.37
233.389 233.724 52.00615701265633 4.366362690925598 46.0 69.4 2.5 1.38
234.402 234.724 52.0061638019979 4.366385405883193 46.0 65.0 2.5 1.51
235.388 235.724 52.006172644905746 4.36641113832593 45.0 62.6 2.5 1.4699999
236.392 236.724 52.00617809314281 4.366438547149301 45.0 66.6 2.5 1.48
237.383 237.724 52.00618421193212 4.366461932659149 45.0 69.6 2.5 1.42
238.383 238.724 52.00618978589773 4.366483809426427 45.0 68.3 2.0 1.4599999
239.395 239.724 52.00619858689606 4.366499148309231 45.0 66.2 2.0 1.53
240.384 240.724 52.006209273822606 4.366520270705223 45.0 65.9 2.5 1.52
241.390 241.724 52.0062148058787 4.366538627073169 46.0 66.5 2.0 1.48
242.394 242.724 52.00621773954481 4.36655480414629 46.0 68.7 2.5 1.39
243.386 243.724 52.00622402597219 4.366570981219411 46.0 61.8 2.5 1.4399999
244.395 244.724 52.006227588281035 4.366579027846456 47.0 58.0 2.5 1.51
245.383 245.724 52.00623328797519 4.366597551852465 47.0 58.4 2.5 1.5899999
246.383 246.724 52.00624162796885 4.3666196800768375 47.0 62.2 2.5 1.5799999
247.399 247.724 52.0062467828393 4.3666408862918615 47.0 66.8 2.5 1.53
248.390 248.724 52.00625252444297 4.366663349792361 47.0 73.8 2.5 1.53
249.396 249.724 52.006255625747144 4.366683633998036 47.0 82.7 2.5 1.48
250.389 250.724 52.00625826604664 4.366704421117902 47.0 86.4 2.5 1.4499999
251.394 251.724 52.00626019388437 4.366728309541941 48.0 88.6 2.5 1.42
252.392 252.724 52.00625939760357 4.366749599575996 48.0 101.8 2.5 1.53
253.389 253.724 52.00625311117619 4.366772482171655 48.0 107.6 2.5 1.4499999
254.390 254.724 52.00624514836818 4.36679570004344 48.0 108.7 2.5 1.4699999
255.386 255.724 52.00623768847436 4.366817492991686 48.0 110.6 2.5 1.4599999
256.357 256.724 52.00623068958521 4.366840543225408 48.0 120.7 2.5 1.5
257.388 257.724 52.00621660798788 4.366861078888178 47.0 140.8 2.5 1.62
258.392 258.724 52.00619535986334 4.366874825209379 46.0 150.8 2.5 1.43
259.394 259.724 52.006178512237966 4.366886559873819 46.0 157.2 2.5 1.31
260.402 260.724 52.00616878923029 4.366899551823735 45.0 150.7 2.5 1.41
261.393 261.724 52.00615340843797 4.3669127114117146 45.0 147.7 2.5 1.42
262.395 262.724 52.00614205095917 4.366926793009043 45.0 143.1 2.0 1.48
263.388 263.724 52.00612637680024 4.366941964253783 44.0 146.7 2.0 1.49
264.389 264.724 52.00611338485032 4.366951351985335 44.0 153.9 2.0 1.25
265.392 265.724 52.00609833933413 4.366956884041429 43.0 158.6 2.0 1.3199999
266.393 266.724 52.006085556931794 4.366962751373649 43.0 164.0 2.0 1.09
267.391 267.724 52.00607470236719 4.366970546543598 42.0 163.5 2.0 1.1999999
268.394 268.724 52.00606233906001 4.366978676989675 42.0 164.3 2.0 1.27
269.365 269.724 52.00604917947203 4.366984628140926 42.0 167.0 2.0 1.18
270.394 270.724 52.006036480888724 4.366989238187671 42.0 168.2 2.0 1.02
271.391 271.724 52.006026967428625 4.366991417482495 42.0 166.6 2.0 1.05
272.385 272.724 52.006016951054335 4.366999631747603 42.0 164.7 2.0 0.97999996
273.381 273.724 52.006007437594235 4.367007091641426 42.0 168.4 2.0 1.17
274.405 274.724 52.00599381700158 4.367011534050107 42.0 175.6 2.0 1.23
275.394 275.724 52.00598212424666 4.367009857669473 41.0 189.7 2.0 1.1999999
276.384 276.724 52.00596942566335 4.367005582898855 42.0 195.9 2.0 1.55
277.387 277.724 52.00595618225634 4.367004409432411 42.0 205.2 2.0 1.38
278.385 278.724 52.00594222638756 4.36700189486146 42.0 208.5 2.0 1.5799999
279.391 279.724 52.00592940207571 4.366993010044098 42.0 204.6 2.0 1.48
280.386 280.724 52.00591519474983 4.3669872265309095 43.0 208.4 2.0 1.4699999
281.367 281.724 52.00590287335217 4.366983957588673 43.0 211.1 2.0 1.41
282.395 282.724 52.00588879175484 4.36697943136096 43.0 212.7 2.0 1.48
283.394 283.724 52.00587663799524 4.366972893476486 43.0 212.8 2.0 1.5699999
284.374 284.724 52.00586372986436 4.366964427754283 44.0 216.6 2.0 1.52
285.392 285.724 52.00585241429508 4.366951771080494 45.0 216.3 2.0 1.39
286.391 286.724 52.00583950616419 4.36694179661572 45.0 213.8 2.0 1.5
287.407 287.724 52.00582722667605 4.366935426369309 46.0 212.6 2.0 1.38
288.389 288.724 52.00581704266369 4.366927966475487 46.0 210.9 2.0 1.39
289.397 289.724 52.00580283533782 4.366922853514552 46.0 204.8 2.0 1.49
290.387 290.724 52.005790933035314 4.366914723068476 46.0 206.8 1.5 1.4699999
291.394 291.724 52.005779994651675 4.366909107193351 46.0 207.2 1.5 1.4499999
292.388 292.724 52.00576595496386 4.366899635642767 46.0 208.3 1.5 1.3399999
293.402 293.724 52.005756022408605 4.366892594844103 47.0 210.7 2.0 1.25
294.395 294.724 52.005747305229306 4.366883207112551 47.0 207.6 2.0 1.22
295.395 295.724 52.005735696293414 4.366873316466808 48.0 207.5 2.0 1.2099999
296.390 296.724 52.00572760775685 4.366865772753954 48.0 209.1 2.0 0.59
297.396 297.724 52.005725344643 4.366856385022402 48.0 209.4 1.5 0.099999994
298.378 298.724 52.005725260823965 4.366856217384338 48.0 0.0 1.5 0.0
299.396 299.724 52.005725260823965 4.366856049746275 48.0 0.0 1.5 0.0
300.390 300.724 52.005720399320126 4.36684699729085 49.0 200.6 1.5 0.96999997
301.402 301.724 52.00571105349809 4.366836687549949 49.0 203.5 1.5 1.37
302.388 302.724 52.00569927692413 4.366823025047779 50.0 208.1 2.0 1.36
303.384 303.724 52.00568716507405 4.3668128829449415 50.0 205.1 1.5 1.4499999
304.391 304.724 52.00567400548607 4.366805674508214 50.0 204.4 1.5 1.4699999
305.388 305.724 52.00566118117422 4.366794778034091 50.0 207.7 1.5 1.41
306.386 306.724 52.00564831495285 4.3667819537222385 51.0 205.4 1.5 1.4699999
307.386 307.724 52.005631257779896 4.366774326190352 51.0 204.5 2.0 1.49
308.388 308.724 52.00562040321529 4.366768542677164 51.0 204.3 1.5 1.56
309.387 309.724 52.00560732744634 4.366758903488517 51.0 208.5 1.5 1.53
310.406 310.724 52.005595550872386 4.366746749728918 51.0 208.9 1.5 1.39
311.405 311.724 52.00558566022664 4.36674146912992 51.0 207.2 1.5 1.52
312.378 312.724 52.005572374910116 4.366733254864812 51.0 209.0 1.5 1.43
313.383 313.724 52.00555976014584 4.366722609847784 52.0 207.4 1.5 1.4699999
314.396 314.724 52.00554714538157 4.3667148146778345 51.0 207.7 1.5 1.49
315.480 315.724 52.00553633272648 4.366705426946282 52.0 205.5 2.0 1.5699999
316.405 316.724 52.00552246067673 4.366701822727919 52.0 202.0 2.0 1.5
317.355 317.724 52.00550896581262 4.366692770272493 52.0 206.2 2.0 1.4399999
318.377 318.724 52.00549815315753 4.366679359227419 52.0 211.6 1.5 1.56
319.401 319.724 52.00548545457423 4.36666670255363 52.0 212.7 2.0 1.4599999
320.376 320.724 52.00547460000962 4.36665253713727 52.0 210.3 2.0 1.4499999
321.403 321.724 52.00546064414084 4.366639964282513 53.0 207.3 2.0 1.4699999
322.383 322.724 52.005448029376566 4.366626050323248 53.0 209.3 1.5 1.54
323.390 323.724 52.005434785969555 4.366613309830427 53.0 212.0 1.5 1.51
324.382 324.724 52.00542418286204 4.366607945412397 54.0 207.0 1.5 1.5999999
325.379 325.724 52.00541307684034 4.366601910442114 53.0 206.4 2.0 1.53
326.390 326.724 52.00540033634752 4.366592522710562 53.0 209.1 1.5 1.41
327.399 327.724 52.00538868550211 4.366583302617073 54.0 206.5 1.5 1.4599999
328.384 328.724 52.00537372380495 4.36657584272325 54.0 202.9 2.0 1.35
329.383 329.724 52.005363162606955 4.366568047553301 53.0 207.3 1.5 1.4599999
330.383 330.724 52.005352140404284 4.366554468870163 53.0 206.7 1.5 1.49
331.403 331.724 52.00533717870712 4.366544745862484 54.0 205.0 2.0 1.4699999
332.388 332.724 52.0053254859522 4.366535525768995 54.0 209.2 2.0 1.4499999
333.384 333.724 52.00531203299761 4.366519516333938 54.0 211.1 2.0 1.54
334.395 334.724 52.00529929250479 4.366508033126593 54.0 207.6 1.5 1.55
335.401 335.724 52.00528512708843 4.366495627909899 55.0 206.6 1.5 1.5
336.388 336.724 52.00526983011514 4.3664834741503 55.0 208.4 1.5 1.43
337.388 337.724 52.00525880791247 4.366475846618414 55.0 209.4 1.5 1.4399999
338.385 338.724 52.00524895917624 4.366469560191035 55.0 210.4 1.5 1.49
339.386 339.724 52.00523554813117 4.366457322612405 55.0 208.9 1.5 1.48
340.384 340.724 52.0052234781906 4.366446593776345 55.0 211.8 1.5 1.43
341.362 341.724 52.00521279126406 4.366432428359985 55.0 208.1 1.5 1.5799999
342.405 342.724 52.00520176906139 4.36642630957067 56.0 208.3 1.5 1.37
343.385 343.724 52.00519171077758 4.366418346762657 55.0 207.0 1.5 1.41
344.383 344.724 52.005178006365895 4.3664097134023905 55.0 206.7 1.5 1.4599999
345.384 345.724 52.005168492905796 4.366403175517917 55.0 205.6 1.5 1.3299999
346.381 346.724 52.005154243670404 4.366395547986031 55.0 203.9 1.5 1.35
347.395 347.724 52.0051407488063 4.3663828913122416 54.0 206.3 2.0 1.36
348.389 348.724 52.00512872077525 4.366373000666499 54.0 207.4 2.0 1.38
349.385 349.724 52.005116483196616 4.366364702582359 55.0 207.3 1.5 1.4599999
350.393 350.724 52.005102527327836 4.366354225203395 55.0 206.9 2.0 1.52
351.376 351.724 52.005090499296784 4.366339053958654 55.0 206.0 1.5 1.49
352.393 352.724 52.005077549256384 4.366330252960324 55.0 206.6 1.5 1.31
353.396 353.724 52.00506514403969 4.36632220633328 55.0 207.1 1.5 1.38
354.391 354.724 52.005055295303464 4.366312902420759 55.0 206.9 1.5 1.39
355.393 355.724 52.00504347681999 4.366304771974683 55.0 207.3 1.5 1.4599999
356.390 356.724 52.00503153260797 4.366294294595718 55.0 208.3 2.0 1.4
357.386 357.724 52.005019169300795 4.36628608033061 55.0 208.1 1.5 1.4399999
358.399 358.724 52.005005297251046 4.366273256018758 55.0 210.4 2.0 1.4499999
359.391 359.724 52.00499096419662 4.3662583362311125 55.0 224.2 2.0 1.36
360.392 360.724 52.00497906189412 4.3662383034825325 55.0 232.2 2.0 1.5799999
361.392 361.724 52.00497227255255 4.366221372038126 55.0 238.5 2.0 1.51
362.386 362.724 52.004966866225004 4.366198740899563 55.0 238.1 2.0 1.39
363.391 363.724 52.00496246572584 4.366175355389714 55.0 238.9 2.0 1.43
364.382 364.724 52.00496011879295 4.3661505449563265 55.0 241.2 2.0 1.43
365.397 365.724 52.00495726894587 4.366127662360668 55.0 240.4 2.0 1.4699999
366.398 366.724 52.004948132671416 4.366106791421771 55.0 241.0 2.0 1.31
367.394 367.724 52.00494234915823 4.366087261587381 55.0 246.2 2.0 1.27
368.387 368.724 52.00493543408811 4.366066809743643 55.0 245.5 2.0 1.41
369.413 369.724 52.00492763891816 4.366043172776699 55.0 244.4 2.0 1.39
370.391 370.724 52.004922651685774 4.366022469475865 55.0 243.1 2.0 1.39
371.399 371.724 52.00492089148611 4.366001430898905 55.0 244.5 2.0 1.3299999
372.384 372.724 52.00491837691516 4.365980392321944 55.0 244.1 2.0 1.35
373.401 373.724 52.00491569470614 4.365958850830793 55.0 243.4 2.0 1.38
374.390 374.724 52.004912425763905 4.365934878587723 55.0 241.7 2.0 1.38
375.399 375.724 52.00490622315556 4.365914259105921 55.0 238.7 2.0 1.36
376.384 376.724 52.00489863753319 4.365897662937641 56.0 244.4 2.0 1.4
377.389 377.724 52.0048944465816 4.3658781331032515 56.0 243.8 2.0 1.13
378.396 378.724 52.00488908216357 4.365858267992735 56.0 245.7 2.0 1.14
379.391 379.724 52.00488472357392 4.365841168910265 55.0 253.2 2.0 0.94
380.388 380.724 52.00487935915589 4.365824488922954 54.0 260.0 2.0 1.11
381.395 381.724 52.00487625785172 4.36581258662045 54.0 278.3 2.0 1.12
382.404 382.724 52.00487412046641 4.36579305678606 53.0 279.7 2.0 1.48
383.392 383.724 52.00487018097192 4.365774113684893 53.0 283.9 2.0 1.38
384.402 384.724 52.00487319845706 4.365752404555678 52.0 290.5 2.0 1.4399999
385.392 385.724 52.004876215942204 4.365732287988067 51.0 289.7 2.0 1.4599999
386.396 386.724 52.00488053262234 4.365714099258184 50.0 294.0 2.0 1.31
387.398 387.724 52.004887321963906 4.365693731233478 49.0 301.2 2.0 1.3399999
388.388 388.724 52.00489352457225 4.365681493654847 49.0 312.3 2.0 1.41
389.399 389.724 52.004901403561234 4.365664981305599 49.0 319.6 2.0 1.27
390.405 390.724 52.004907564260066 4.365651905536652 49.0 320.8 2.5 1.05
391.408 391.724 52.00491665862501 4.365641260519624 50.0 330.1 2.5 1.06
392.382 392.724 52.00492701027542 4.365640925243497 50.0 333.0 2.5 1.03
393.390 393.724 52.004933170974255 4.365632627159357 50.0 328.4 2.5 0.96999997
394.410 394.724 52.00493794865906 4.365622568875551 50.0 334.0 2.5 0.91999996
395.388 395.724 52.004944905638695 4.3656139355152845 50.0 334.0 2.5 1.3
396.397 396.724 52.00495408382267 4.365605721250176 50.0 335.3 3.0 1.05
397.357 397.724 52.00496175326407 4.365600273013115 50.0 335.0 3.0 0.69
398.388 398.724 52.00496891979128 4.365594992414117 49.0 338.5 3.0 0.78
399.398 399.724 52.00497751124203 4.365586694329977 49.0 331.0 3.0 0.94
400.389 400.724 52.00498363003135 4.365572445094585 49.0 319.7 3.0 0.89
401.396 401.724 52.00499088037759 4.365559369325638 49.0 315.4 2.5 0.96
402.399 402.724 52.004998130723834 4.365545371547341 49.0 324.0 3.0 0.88
403.399 403.724 52.00500797946006 4.365538079291582 48.0 327.4 3.0 1.0
404.388 404.724 52.00501833111048 4.36552525497973 48.0 327.1 3.5 1.13
405.386 405.724 52.005027760751545 4.365510419011116 48.0 322.6 3.5 0.74
406.391 406.724 52.005035136826336 4.365499187260866 48.0 308.0 3.0 0.91999996
407.409 407.724 52.00504309963435 4.365484183654189 48.0 311.3 3.0 1.15
408.403 408.724 52.00505554676056 4.365470688790083 48.0 324.8 3.0 1.3199999
409.366 409.724 52.00506870634854 4.365458032116294 47.0 328.3 3.0 1.4699999
410.399 410.724 52.005080566741526 4.365446213632822 47.0 329.8 3.0 1.3
411.395 411.724 52.00509418733418 4.365435903891921 47.0 331.2 3.0 1.3399999
412.397 412.724 52.00510734692216 4.365425510331988 47.0 328.3 3.0 1.51
413.397 413.724 52.005120632238686 4.365412602201104 47.0 320.0 3.0 1.5699999
414.400 414.724 52.005130355246365 4.36539969407022 46.0 316.8 2.5 1.25
415.397 415.724 52.00514171272516 4.365384690463543 47.0 318.1 3.0 1.4499999
416.392 416.724 52.00515755452216 4.365373207256198 46.0 326.7 3.0 1.66
417.384 417.724 52.00517197139561 4.365362310782075 46.0 323.4 3.0 1.55
418.389 418.724 52.005186011083424 4.3653553538024426 46.0 323.4 3.0 0.87
419.411 419.724 52.00519523117691 4.365341104567051 46.0 320.2 2.5 1.05
420.397 420.724 52.0052054990083 4.365329369902611 46.0 325.4 3.0 1.25
421.395 421.724 52.00521404854953 4.365318641066551 46.0 333.8 3.0 1.0799999
422.390 422.724 52.00522259809077 4.365309923887253 46.0 338.4 3.0 0.58
423.395 423.724 52.00522989034653 4.3653008714318275 46.0 335.2 2.5 0.65999997
424.407 424.724 52.00524020008743 4.365288885310292 46.0 331.1 3.0 1.16
425.385 425.724 52.00525185093284 4.365283688530326 46.0 332.8 3.0 0.84999996
426.391 426.724 52.005264717154205 4.365275306627154 46.0 330.0 2.5 1.16
427.408 427.724 52.00527653563768 4.365266086533666 46.0 335.0 3.0 1.1
428.396 428.724 52.00529099442065 4.365257117897272 46.0 338.3 3.0 1.3299999
429.387 429.724 52.00530482456088 4.36524722725153 46.0 335.5 3.0 1.17
430.388 430.724 52.00532108545303 4.365240437909961 45.0 334.0 3.0 1.25
431.387 431.724 52.00533173047006 4.365232391282916 45.0 331.7 3.0 1.1899999
432.399 432.724 52.00534053146839 4.365216549485922 45.0 327.5 3.0 0.96
433.408 433.724 52.005346105434 4.365203557536006 45.0 320.2 3.0 0.68
434.405 434.724 52.00535360723734 4.365194085985422 45.0 327.8 3.0 0.87
435.403 435.724 52.00536555144936 4.365192912518978 45.0 332.4 2.5 0.85999995
436.393 436.724 52.00537879485637 4.365185787901282 45.0 335.5 2.5 1.29
437.392 437.724 52.00539539102465 4.36517589725554 45.0 326.3 3.0 1.31
438.394 438.724 52.00541064608842 4.365156032145023 45.0 325.2 3.0 1.42
439.396 439.724 52.00542816426605 4.3651382625103 45.0 332.4 3.0 1.56
440.393 440.724 52.005441868677735 4.365124013274908 45.0 330.3 2.5 1.25
441.370 441.724 52.00545490253717 4.365106830373406 44.0 324.7 2.5 1.13
442.377 442.724 52.00546856503934 4.3650926649570465 44.0 333.6 3.0 1.35
443.396 443.724 52.00548633467406 4.365075649693608 44.0 335.1 3.0 1.56
444.394 444.724 52.00550552923232 4.365060143172741 44.0 330.5 3.0 1.3199999
445.403 445.724 52.005520532839 4.365048995241523 44.0 331.4 3.0 1.25
446.391 446.724 52.00553528498858 4.365040361881256 44.0 334.2 3.0 1.36
447.399 447.724 52.00554836075753 4.365034243091941 45.0 332.0 3.0 1.41
448.406 448.724 52.005562358535826 4.3650249391794205 46.0 331.8 3.0 1.3199999
449.397 449.724 52.005576733499765 4.365015299990773 46.0 325.5 3.0 1.5699999
450.399 450.724 52.00559001881629 4.36500440351665 46.0 325.0 3.0 1.55
451.401 451.724 52.00560439378023 4.364996021613479 45.0 328.5 3.0 1.51
452.393 452.724 52.00561432633549 4.364985879510641 46.0 326.2 3.5 1.0
453.385 453.724 52.0056251809001 4.36497800052166 45.0 325.9 3.5 0.88
454.386 454.724 52.00563557446003 4.364972719922662 45.0 327.2 3.0 0.96999997
455.386 455.724 52.0056476444006 4.364960314705968 44.0 326.5 3.0 1.17
456.390 456.724 52.00565833132714 4.364941790699959 43.0 321.2 3.5 0.78999996
457.409 457.724 52.00566889252514 4.364936342462897 43.0 331.3 3.0 0.88
458.407 458.724 52.00568406376988 4.364928212016821 42.0 350.7 2.5 1.15
459.416 459.724 52.00569508597255 4.364917650818825 42.0 5.4 2.5 0.85999995
460.396 460.724 52.00570162385702 4.364914130419493 43.0 22.5 2.0 0.51
461.402 461.724 52.00571335852146 4.364922344684601 43.0 33.0 2.0 0.71999997
462.400 462.724 52.00572500936687 4.364934666082263 43.0 44.5 2.0 1.27
463.394 463.724 52.00573951005936 4.364940281957388 44.0 48.5 2.5 1.3299999
464.396 464.724 52.00575455557555 4.364953441545367 43.0 44.4 2.5 1.3299999
465.399 465.724 52.005766122601926 4.3649692833423615 43.0 39.8 2.0 1.43
466.377 466.724 52.00577932409942 4.36498680151999 43.0 44.0 2.0 1.5799999
467.414 467.724 52.00579135213047 4.365003230050206 44.0 47.0 2.0 1.5
468.398 468.724 52.00580128468573 4.36502200551331 44.0 57.7 2.5 1.5799999
469.394 469.724 52.00581029523164 4.365045726299286 44.0 61.1 2.5 1.61
470.392 470.724 52.00581867713481 4.365066261962056 44.0 59.9 2.5 1.51
471.393 471.724 52.00582672376186 4.365088976919651 44.0 64.0 2.0 1.55
472.413 472.724 52.0058321300894 4.3651103507727385 44.0 66.1 2.0 1.4599999
473.415 473.724 52.005841308273375 4.365129796788096 43.0 70.2 2.0 1.4499999
474.405 474.724 52.00585191138089 4.3651477340608835 44.0 70.5 2.0 1.48
475.397 475.724 52.005861843936145 4.365164916962385 44.0 67.8 2.0 1.42
476.365 476.724 52.005869848653674 4.3651815969496965 44.0 63.6 2.0 1.48
477.378 477.724 52.00587676372379 4.365201462060213 44.0 65.5 2.0 1.4499999
478.408 478.724 52.005880451761186 4.3652216624468565 45.0 75.5 2.0 1.4
479.396 479.724 52.005884516984224 4.365240940824151 45.0 79.5 2.0 1.4399999
480.375 480.724 52.005889168940485 4.365262482315302 45.0 82.9 2.0 1.4399999
481.396 481.724 52.00589394662529 4.365281760692596 45.0 80.7 2.0 1.49
482.396 482.724 52.00590203516185 4.365302044898272 45.0 78.5 2.0 1.56
483.397 483.724 52.00590790249407 4.365324759855866 45.0 74.2 2.5 1.4
484.388 484.724 52.005912847816944 4.365347139537334 45.0 74.4 2.5 1.49
485.388 485.724 52.005919720977545 4.365367842838168 45.0 75.1 2.0 1.48
486.399 486.724 52.00592684559524 4.365386450663209 45.0 75.9 2.0 1.51
487.399 487.724 52.00593485031277 4.365406651049852 45.0 69.7 2.5 1.52
488.409 488.724 52.00594302266836 4.365426516160369 45.0 66.6 2.5 1.52
489.385 489.724 52.005955930799246 4.365448309108615 46.0 64.4 2.5 1.5699999
490.391 490.724 52.00596682727337 4.365468341857195 46.0 58.1 2.5 1.53
491.394 491.724 52.00597315561026 4.365483932197094 46.0 62.8 2.5 1.51
492.387 492.724 52.00598015449941 4.365505389869213 46.0 69.3 2.5 1.49
493.404 493.724 52.0059885783121 4.365522908046842 47.0 65.1 2.5 1.5799999
494.393 494.724 52.005997002124786 4.365539504215121 47.0 62.3 2.5 1.4
495.400 495.724 52.0060049649328 4.3655600398778915 47.0 69.6 2.5 1.52
496.390 496.724 52.00601062271744 4.365577390417457 47.0 64.2 2.5 1.54
497.389 497.724 52.00601661577821 4.365592477843165 48.0 64.1 2.5 1.5799999
498.397 498.724 52.00602420140058 4.365611420944333 48.0 64.8 2.5 1.43
499.404 499.724 52.00603027828038 4.365633213892579 48.0 68.4 2.5 1.52
500.399 500.724 52.006038408726454 4.365661209449172 48.0 65.6 2.5 1.56
501.394 501.724 52.00604570098221 4.365682164207101 48.0 68.1 2.5 1.49
502.393 502.724 52.00605303514749 4.365700939670205 48.0 68.7 2.5 1.53
503.399 503.724 52.006059447303414 4.365718709304929 48.0 68.4 2.5 1.5
504.390 504.724 52.006067032925785 4.365741088986397 48.0 71.4 2.5 1.54
505.405 505.724 52.00607436709106 4.365762127563357 48.0 67.8 2.5 1.54
506.396 506.724 52.00608224608004 4.365782914683223 48.0 69.0 2.5 1.5
507.397 507.724 52.006089077331126 4.365807892754674 48.0 65.2 2.0 1.74
508.394 508.724 52.00609532184899 4.365833206102252 48.0 67.4 2.5 1.39
509.366 509.724 52.006103661842644 4.365855166688561 48.0 65.9 2.0 1.53
510.389 510.724 52.0061120018363 4.365874864161015 49.0 62.1 2.5 1.63
511.363 511.724 52.006120551377535 4.365894477814436 49.0 63.6 2.5 1.55
512.392 512.724 52.00612801127136 4.3659166898578405 49.0 63.6 2.5 1.49
513.400 513.724 52.006136728450656 4.365936890244484 50.0 66.3 2.5 1.52
514.393 514.724 52.00614385306835 4.365957425907254 50.0 63.2 2.5 1.52
515.413 515.724 52.00615122914314 4.365983409807086 49.0 65.6 2.5 1.63
516.406 516.724 52.00615101959556 4.366009728983045 49.0 67.3 2.5 1.5899999
517.389 517.724 52.00615412089974 4.366029342636466 49.0 63.9 2.0 1.5
518.400 518.724 52.006157264113426 4.366051219403744 48.0 67.7 2.5 1.56
519.388 519.724 52.006164053454995 4.36607108451426 48.0 70.2 2.0 1.4399999
520.394 520.724 52.006171136163175 4.3660875130444765 48.0 71.6 2.0 1.41
521.393 521.724 52.00617587193847 4.366106707602739 48.0 70.8 2.0 1.4599999
522.403 522.724 52.00617813505232 4.3661287520080805 47.0 70.4 2.0 1.42
523.397 523.724 52.0061777997762 4.36615121550858 47.0 67.9 2.0 1.56
524.392 524.724 52.006186097860336 4.3661723379045725 47.0 69.2 2.0 1.42
525.408 525.724 52.006195108406246 4.366189856082201 47.0 69.9 2.0 1.43
526.385 526.724 52.00619929935783 4.366209302097559 47.0 71.7 2.0 1.4399999
527.411 527.724 52.006202107295394 4.366226652637124 47.0 74.0 2.0 1.38
528.373 528.724 52.00620277784765 4.366248110309243 48.0 77.2 2.0 1.06
529.395 529.724 52.00620131101459 4.366261186078191 48.0 79.7 2.5 1.04
530.408 530.724 52.006197539158165 4.366279123350978 48.0 86.5 2.0 1.01
531.409 531.724 52.00619485694915 4.366298485547304 47.0 101.6 2.0 0.90999997
532.399 532.724 52.00619007926434 4.366313656792045 47.0 113.9 2.0 0.94
533.408 533.724 52.00618211645633 4.366329414770007 47.0 117.1 2.0 1.03
534.394 534.724 52.006180649623275 4.3663490284234285 47.0 109.1 2.5 1.24
535.391 535.724 52.00619108509272 4.36637207865715 47.0 73.9 2.5 1.3399999
536.393 536.724 52.006198042072356 4.366395212709904 47.0 70.8 2.5 1.55
537.397 537.724 52.00620273593813 4.3664258904755116 47.0 77.0 2.5 1.39
538.395 538.724 52.00620328076184 4.366446761414409 47.0 72.3 2.5 1.4699999
539.394 539.724 52.00620558578521 4.366465788334608 46.0 67.2 2.5 1.4499999
540.380 540.724 52.006209190003574 4.366484060883522 47.0 69.0 2.0 1.41
541.390 541.724 52.006213841959834 4.366503674536943 47.0 69.8 2.0 1.41
542.394 542.724 52.0062216790393 4.366523707285523 47.0 64.5 2.5 1.4399999
543.397 543.724 52.00623085722327 4.366547260433435 47.0 65.6 2.5 1.3299999
544.395 544.724 52.00623156968504 4.366566119715571 47.0 70.0 2.5 1.4399999
545.360 545.724 52.00623626355082 4.366587828844786 47.0 71.0 2.5 1.53
546.393 546.724 52.00624363962561 4.366611046716571 47.0 73.7 2.5 1.51
547.402 547.724 52.0062491716817 4.366629151627421 47.0 69.7 2.5 1.41
548.398 548.724 52.006257637403905 4.3666459154337645 46.0 71.3 2.5 1.4599999
549.400 549.724 52.00626287609339 4.3666671216487885 46.0 80.8 2.5 1.4499999
550.392 550.724 52.00626388192177 4.36668916605413 47.0 84.8 2.5 1.53
551.396 551.724 52.006265725940466 4.366710288450122 47.0 90.9 2.5 1.42
552.389 552.724 52.006264217197895 4.366729399189353 47.0 94.1 2.5 1.3399999
553.388 553.724 52.00626375619322 4.36675027012825 47.0 92.0 2.5 1.5899999
554.400 554.724 52.00626266654581 4.366773320361972 47.0 92.9 2.5 1.5699999
555.400 555.724 52.00625902041793 4.366795113310218 47.0 95.6 2.5 1.4399999
556.389 556.724 52.0062528597191 4.366815481334925 48.0 105.0 2.5 1.49
557.396 557.724 52.006247327663004 4.366838615387678 48.0 114.9 2.5 1.4
558.385 558.724 52.00623425189406 4.366859486326575 48.0 127.2 2.5 1.43
559.406 559.724 52.00621882919222 4.3668794352561235 47.0 133.8 2.5 1.3199999
560.393 560.724 52.00620034709573 4.366891505196691 46.0 149.6 2.0 1.1999999
561.396 561.724 52.006184379570186 4.366900306195021 45.0 162.2 2.0 1.12
562.376 562.724 52.00616732239723 4.36690810136497 45.0 163.1 2.0 1.29
563.400 563.724 52.00615127105266 4.366918243467808 44.0 160.9 2.0 1.3399999
564.392 564.724 52.00613777618855 4.366926541551948 44.0 161.9 2.0 1.28
565.410 565.724 52.0061249518767 4.366935007274151 44.0 156.3 2.0 1.22
566.406 566.724 52.00611405540258 4.366944311186671 44.0 156.7 2.5 1.4
567.396 567.724 52.00609783641994 4.36695302836597 43.0 160.7 2.5 1.2099999
568.390 568.724 52.00608580838889 4.366960823535919 43.0 161.3 2.5 1.26
569.405 569.724 52.00607386417687 4.366971803829074 42.0 159.3 2.5 1.1899999
570.382 570.724 52.00605881866068 4.36697943136096 41.0 162.9 2.5 1.18
571.394 571.724 52.006045365706086 4.3669872265309095 41.0 166.2 2.0 1.1899999
572.394 572.724 52.006030404008925 4.3669910822063684 41.0 168.9 2.0 1.1899999
573.378 573.724 52.006019381806254 4.366995105519891 41.0 170.4 2.0 1.2099999
574.390 574.724 52.006008150056005 4.3669951893389225 41.0 179.5 2.0 1.14
575.393 575.724 52.006000564433634 4.3669957760721445 40.0 183.8 2.0 0.91999996
576.394 576.724 52.00599142815918 4.366994518786669 40.0 185.0 2.0 1.05
577.408 577.724 52.00597793329507 4.366994686424732 40.0 187.4 2.0 1.5999999
578.364 578.724 52.00596498325467 4.366992339491844 40.0 197.2 2.0 1.26
579.380 579.724 52.0059515722096 4.366986975073814 40.0 207.9 2.0 1.35
580.366 580.724 52.005938119255006 4.366980688646436 41.0 207.8 2.0 1.63
581.373 581.724 52.00592328328639 4.366974402219057 41.0 208.0 2.0 1.53
582.361 582.724 52.00590836349875 4.366964427754283 41.0 208.3 2.0 1.5
583.371 583.724 52.005894617177546 4.36695889569819 42.0 209.7 2.0 1.48
584.399 584.724 52.005882882513106 4.3669557105749846 42.0 209.2 2.0 1.52
585.392 585.724 52.00586704071611 4.366953866556287 42.0 207.8 2.0 1.48
586.391 586.724 52.0058519532904 4.366947244852781 43.0 210.1 2.0 1.4
587.410 587.724 52.005836153402925 4.366939784958959 43.0 208.4 2.0 1.54
588.404 588.724 52.005822281353176 4.366929978132248 43.0 208.4 2.0 1.3399999
589.397 589.724 52.005809540860355 4.366922937333584 44.0 206.6 2.0 1.39
590.390 590.724 52.00579562690109 4.366916147992015 44.0 206.0 1.5 1.4599999
591.391 591.724 52.00578502379358 4.366905838251114 44.0 206.9 2.0 1.48
592.393 592.724 52.005771612748504 4.366892008110881 44.0 206.4 1.5 1.54
593.404 593.724 52.00575614813715 4.366880105808377 45.0 208.4 2.0 1.49
594.413 594.724 52.00574554502964 4.366869879886508 45.0 209.9 2.0 1.4399999
595.396 595.724 52.00573360081762 4.3668638449162245 46.0 208.6 1.5 1.3
596.382 596.724 52.005723835900426 4.3668523617088795 47.0 204.8 1.5 0.95
597.396 597.724 52.005716962739825 4.366849092766643 47.0 203.2 1.5 0.42
598.391 598.724 52.00571243651211 4.366852277889848 47.0 202.3 1.5 0.12
599.401 599.724 52.00571298133582 4.366852277889848 47.0 0.0 1.5 0.0
600.395 600.724 52.0057121431455 4.366845991462469 47.0 206.3 1.5 0.51
601.391 601.724 52.00570556335151 4.366842387244105 48.0 210.2 1.5 1.89
602.405 602.724 52.00569143984467 4.366834005340934 48.0 202.7 2.0 1.75
603.387 603.724 52.0056809624657 4.366822689771652 48.0 206.7 1.5 1.56
604.361 604.724 52.00567014981061 4.366812128573656 49.0 208.3 2.0 1.55
605.404 605.724 52.0056569064036 4.366799471899867 49.0 206.6 1.5 1.43
606.388 606.724 52.005643411539495 4.366790419444442 50.0 211.0 1.5 1.53
607.386 607.724 52.00563121587038 4.366779271513224 50.0 208.9 1.5 1.4399999
608.393 608.724 52.00561742763966 4.366768961772323 50.0 212.2 1.5 1.43
609.399 609.724 52.00560539960861 4.366760412231088 51.0 210.4 1.5 1.48
610.388 610.724 52.005592533387244 4.366751611232758 51.0 207.1 1.5 1.4399999
611.407 611.724 52.00558222364634 4.366741636767983 52.0 208.5 1.5 1.43
612.389 612.724 52.00557094998658 4.366729315370321 52.0 206.6 1.5 1.4499999
613.387 613.724 52.00555875431746 4.366721184924245 52.0 210.4 1.5 1.4599999
614.389 614.724 52.00554693583399 4.366709031164646 52.0 210.2 1.5 1.42
615.396 615.724 52.0055334828794 4.3667033314704895 53.0 205.9 1.5 1.43
616.401 616.724 52.00551923364401 4.366693692281842 52.0 206.5 1.5 1.4499999
617.390 617.724 52.005509762093425 4.366683047264814 52.0 210.0 1.5 1.41
618.388 618.724 52.00549844652414 4.366669217124581 52.0 212.2 1.5 1.4
619.409 619.724 52.00548541266471 4.366655638441443 52.0 211.4 1.5 1.4599999
620.390 620.724 52.00547124724835 4.366642814129591 53.0 206.0 1.5 1.52
621.408 621.724 52.00545515399426 4.366632588207722 53.0 204.7 1.5 1.61
622.400 622.724 52.00544161722064 4.366626972332597 53.0 205.8 1.5 1.49
623.400 623.724 52.0054290862754 4.36661540530622 53.0 207.3 1.5 1.52
624.400 624.724 52.005416387692094 4.3666061013937 53.0 206.4 1.5 1.4499999
625.376 625.724 52.005405155941844 4.366595288738608 53.0 207.3 1.5 1.37
626.393 626.724 52.00539140962064 4.366589169949293 53.0 207.2 1.5 1.43
627.421 627.724 52.00537829194218 4.366576513275504 54.0 209.4 2.0 1.43
628.418 628.724 52.00536794029176 4.366567460820079 54.0 211.1 1.5 1.4699999
629.400 629.724 52.005357504822314 4.366555642336607 53.0 209.0 1.5 1.48
630.391 630.724 52.00534560251981 4.366547679528594 53.0 208.8 1.5 1.51
631.390 631.724 52.00533164665103 4.36654063872993 53.0 209.9 1.5 1.62
632.397 632.724 52.005319241434336 4.366531250998378 53.0 210.6 2.0 1.4499999
633.402 633.724 52.005308512598276 4.3665192648768425 53.0 211.9 2.0 1.3299999
634.417 634.724 52.00529602356255 4.366510966792703 53.0 208.3 2.0 1.4499999
635.374 635.724 52.005281522870064 4.366499567404389 53.0 207.3 1.5 1.3399999
636.415 636.724 52.00526991393417 4.366483557969332 53.0 211.4 2.0 1.5
637.425 637.724 52.00525939464569 4.366472661495209 53.0 209.3 1.5 1.4599999
638.396 638.724 52.005247115157545 4.366466961801052 53.0 206.9 1.5 1.5
639.398 639.724 52.005236679688096 4.366458915174007 53.0 209.7 1.5 1.52
640.401 640.724 52.00522582512349 4.366450533270836 53.0 209.4 1.5 1.48
641.413 641.724 52.00521404854953 4.366437373682857 53.0 211.0 1.5 1.52
642.392 642.724 52.00520223006606 4.366424884647131 53.0 214.0 1.5 1.4399999
643.370 643.724 52.005188232287765 4.366412982344627 52.0 210.3 1.5 1.4699999
644.399 644.724 52.005175072699785 4.366400325670838 53.0 208.6 1.5 1.4599999
645.396 645.724 52.00516417622566 4.366388591006398 53.0 209.5 1.5 1.43
646.388 646.724 52.00515143573284 4.366380795836449 53.0 210.4 1.5 1.28
647.395 647.724 52.005140162073076 4.366372413933277 53.0 208.8 1.5 1.3299999
648.392 648.724 52.00512633193284 4.366363864392042 53.0 209.3 1.5 1.55
649.403 649.724 52.0051145972684 4.366352129727602 53.0 208.2 1.5 1.55
650.399 650.724 52.00510147958994 4.366344753652811 53.0 206.4 1.5 1.4399999
651.406 651.724 52.00508676934987 4.366332599893212 54.0 208.5 1.5 1.4599999
652.395 652.724 52.005075411871076 4.366319691762328 54.0 210.6 1.5 1.4699999
653.401 653.724 52.00506254564971 4.366312650963664 54.0 206.3 1.5 1.4599999
654.492 654.724 52.00505034998059 4.366302005946636 54.0 209.3 1.5 1.3299999
655.398 655.724 52.0050413813442 4.366290187463164 54.0 212.7 1.5 1.39
656.403 656.724 52.00503086205572 4.366273507475853 54.0 215.1 2.0 1.54
657.408 657.724 52.00501711573452 4.366261186078191 54.0 212.8 2.0 1.51
658.388 658.724 52.005005087703466 4.366252804175019 54.0 211.6 1.5 1.4399999
659.402 659.724 52.00499289203435 4.36624257825315 54.0 214.2 1.5 1.53
660.390 660.724 52.00498048681766 4.366229837760329 54.0 222.6 1.5 1.4
661.389 661.724 52.00497206300497 4.366214498877525 54.0 226.1 2.0 1.3299999
662.397 662.724 52.00496640522033 4.3661976512521505 54.0 228.1 2.0 1.41
663.394 663.724 52.00496267527342 4.36618197709322 54.0 228.7 2.0 1.4499999
664.401 664.724 52.004957604222 4.366164626553655 54.0 240.0 1.5 1.43
665.415 665.724 52.00495412573218 4.366140905767679 54.0 242.4 2.0 1.4399999
666.395 666.724 52.004948048852384 4.366121543571353 54.0 245.1 2.0 1.43
667.412 667.724 52.004944193176925 4.3660984095185995 54.0 244.4 2.0 1.5799999
668.396 668.724 52.00493648182601 4.366077538579702 54.0 237.7 2.0 1.65
669.398 669.724 52.004930740222335 4.366056751459837 54.0 240.8 2.0 1.35
670.372 670.724 52.00492281932384 4.366038981825113 54.0 245.1 2.0 1.4399999
671.406 671.724 52.00491963420063 4.366018697619438 54.0 245.1 2.0 1.41
672.401 672.724 52.00491297058761 4.366001095622778 54.0 242.2 2.0 1.54
673.405 673.724 52.00491058174521 4.365976620465517 54.0 243.4 2.0 1.4
674.401 674.724 52.004907773807645 4.36595574952662 54.0 240.9 2.0 1.52
675.399 675.724 52.00490471441299 4.365934040397406 54.0 240.3 2.0 1.4599999
676.400 676.724 52.004899182356894 4.365914594382048 54.0 241.2 2.0 1.39
677.377 677.724 52.00489247683436 4.365895232185721 54.0 240.6 1.5 1.42
678.399 678.724 52.00488585513085 4.365872349590063 53.0 240.0 2.0 1.29
679.407 679.724 52.00487898197025 4.365855166688561 53.0 239.8 1.5 1.1999999
680.408 680.724 52.00487521011382 4.365839408710599 53.0 239.5 2.0 0.96999997
681.397 681.724 52.0048711868003 4.36582675203681 52.0 250.3 2.0 0.95
682.408 682.724 52.0048661576584 4.365816526114941 52.0 289.6 2.0 1.3299999
683.399 683.724 52.0048687979579 4.365795822814107 52.0 302.4 2.0 1.17
684.409 684.724 52.00487466529012 4.365778220817447 51.0 309.7 2.5 1.0699999
685.397 685.724 52.00488053262234 4.365758690983057 50.0 305.0 2.5 1.17
686.398 686.724 52.00488539412618 4.365738993510604 50.0 312.4 2.5 1.3399999
687.414 687.724 52.00489348266274 4.365719463676214 49.0 309.8 2.5 1.1999999
688.396 688.724 52.00489637441933 4.365702196955681 49.0 291.3 2.5 1.04
689.400 689.724 52.00489717070013 4.365683421492577 49.0 283.4 2.5 1.12
690.418 690.724 52.004894530400634 4.365660203620791 49.0 282.9 2.5 1.09
691.404 691.724 52.00489473994821 4.365643188357353 50.0 299.5 2.5 1.25
692.390 692.724 52.004903331398964 4.3656286876648664 50.0 314.5 2.5 1.11
693.408 693.724 52.00491410214454 4.365618629381061 50.0 319.3 3.0 1.2099999
694.398 694.724 52.00492206495255 4.365610079839826 50.0 326.6 2.5 1.12
695.396 695.724 52.004929231479764 4.365604044869542 50.0 332.1 2.5 0.91999996
696.415 696.724 52.00493606273085 4.365599686279893 50.0 338.5 2.5 0.97999996
697.407 697.724 52.00494654010981 4.365596501156688 50.0 338.4 2.5 1.16
698.408 698.724 52.00495940633118 4.365587783977389 50.0 333.6 3.0 1.14
699.372 699.724 52.00496841687709 4.365579402074218 50.0 332.7 3.0 1.1899999
700.403 700.724 52.004977427423 4.365570601075888 51.0 330.1 3.0 0.89
701.406 701.724 52.00498593505472 4.36556632630527 50.0 327.3 3.0 1.03
702.406 702.724 52.004994694143534 4.365557776764035 50.0 324.3 3.0 0.61
703.400 703.724 52.00500391423702 4.365552412346005 50.0 318.3 3.0 0.93
704.398 704.724 52.00501233804971 4.365535732358694 50.0 319.9 3.0 0.85999995
705.395 705.724 52.00501992367208 4.365526847541332 50.0 320.6 3.0 0.88
706.405 706.724 52.00502813793719 4.36551502905786 50.0 322.9 3.0 0.96999997
707.414 707.724 52.005038908682764 4.365505641326308 49.0 322.1 3.0 0.91999996
708.399 708.724 52.005048296414316 4.365501031279564 50.0 315.8 3.5 0.71999997
709.398 709.724 52.00505734886974 4.365489212796092 50.0 306.0 3.5 0.71
710.398 710.724 52.005063677206635 4.3654814176261425 50.0 302.1 3.0 0.48999998
711.402 711.724 52.00506849680096 4.365472365170717 50.0 304.8 3.5 0.71
712.402 712.724 52.00507914181799 4.365462642163038 49.0 316.7 3.5 0.97999996
713.427 713.724 52.00509137939662 4.365454008802772 49.0 328.8 3.5 1.28
714.408 714.724 52.00510571245104 4.365448812022805 49.0 332.8 3.5 1.28
715.404 715.724 52.005120757967234 4.365444369614124 48.0 333.0 3.5 1.23
716.397 716.724 52.00513513293117 4.365432802587748 48.0 335.4 3.5 1.36
717.403 717.724 52.00515034608543 4.365424253046513 48.0 336.2 3.5 1.25
718.402 718.724 52.005162122659385 4.365415368229151 48.0 329.0 3.5 1.0
719.410 719.724 52.005175282247365 4.365400364622474 47.0 322.6 3.5 1.14
720.402 720.724 52.00518596917391 4.365390054881573 47.0 321.2 3.5 0.98999995
721.415 721.724 52.00519565027207 4.365375554189086 47.0 316.4 3.0 0.97999996
722.380 722.724 52.005204618908465 4.365363568067551 47.0 316.3 3.0 0.82
723.409 723.724 52.005214132368565 4.365356275811791 47.0 321.5 3.0 0.76
724.400 724.724 52.00522247236222 4.365341942757368 47.0 324.7 3.0 0.88
725.399 725.724 52.00523156672716 4.365329621359706 47.0 324.1 3.0 0.63
726.405 726.724 52.005242966115475 4.365319227799773 47.0 325.3 3.0 0.90999997
727.409 727.724 52.005253694951534 4.3653064873069525 47.0 328.0 3.5 1.01
728.402 728.724 52.005265513435006 4.365299781784415 47.0 335.3 3.5 1.1899999
729.408 729.724 52.005285755731165 4.365294082090259 47.0 335.9 3.5 1.37
730.400 730.724 52.00530310627073 4.365286789834499 47.0 336.9 3.5 1.4
731.414 731.724 52.005318738520145 4.365271953865886 47.0 333.4 3.5 1.53
732.370 732.724 52.00533307157457 4.365257201716304 47.0 327.3 3.5 1.43
733.411 733.724 52.00534367468208 4.365240018814802 47.0 327.9 3.5 1.1999999
734.402 734.724 52.00535788200796 4.365234235301614 47.0 330.4 3.5 0.91999996
735.395 735.724 52.00536706019193 4.3652290385216475 47.0 336.3 3.0 0.76
736.394 736.724 52.00537674129009 4.365224428474903 47.0 338.1 3.5 0.42
737.405 737.724 52.00538726057857 4.365223841741681 46.0 334.7 3.5 0.59999996
738.412 738.724 52.005401006899774 4.365212190896273 46.0 330.9 3.5 1.0699999
739.404 739.724 52.005419195629656 4.3651919066905975 46.0 323.2 4.0 1.0699999
740.406 740.724 52.00543076265603 4.365168688818812 45.0 321.3 3.5 1.04
741.402 741.724 52.00544438324869 4.365137340500951 45.0 319.9 4.0 1.06
742.418 742.724 52.00545854866505 4.365116385743022 45.0 331.0 3.5 1.23
743.411 743.724 52.005470911972225 4.365100795403123 46.0 336.5 3.5 1.1899999
744.403 744.724 52.00548989698291 4.365087300539017 46.0 339.4 3.0 1.16
745.405 745.724 52.00550448149443 4.365076068788767 47.0 340.5 3.0 1.52
746.412 746.724 52.005514623597264 4.365064166486263 47.0 338.2 3.0 1.35
747.408 747.724 52.00552803464234 4.365061819553375 48.0 339.1 3.0 1.11
748.396 748.724 52.0055385120213 4.365055114030838 48.0 336.8 3.0 0.94
749.408 749.724 52.00554978568107 4.365049581974745 48.0 340.4 3.0 0.94
750.408 750.724 52.005564789287746 4.365047821775079 48.0 344.7 3.5 1.11
751.404 751.724 52.005578158423305 4.365040361881256 48.0 337.0 3.5 1.0799999
752.417 752.724 52.00558762997389 4.365030974149704 48.0 330.5 3.5 0.88
753.368 753.724 52.00559764634818 4.365020915865898 48.0 321.7 3.0 1.1
754.395 754.724 52.00560938101262 4.365014964714646 48.0 332.2 3.5 1.24
755.390 755.724 52.0056206965819 4.365008594468236 47.0 337.4 3.5 0.96999997
756.399 756.724 52.00563301797956 4.364999290555716 47.0 337.4 3.0 0.90999997
757.404 757.724 52.00564831495285 4.364981520920992 46.0 340.0 3.0 1.3299999
758.415 758.724 52.00566692277789 4.364962242543697 45.0 345.2 3.5 1.05
759.399 759.724 52.00568314176053 4.364946400746703 45.0 349.4 2.5 1.0
760.408 760.724 52.005696133710444 4.364936426281929 44.0 2.8 2.5 1.0
761.407 761.724 52.005712604150176 4.364938018843532 44.0 23.1 2.5 1.49
762.406 762.724 52.00573066715151 4.364949753507972 44.0 38.2 2.5 1.4
763.405 763.724 52.005742359906435 4.364961236715317 43.0 38.7 2.0 1.3
764.395 764.724 52.005754429847 4.364972384646535 44.0 40.1 2.0 1.39
765.408 765.724 52.00576662551612 4.364985628053546 44.0 45.6 2.0 1.5899999
766.413 766.724 52.00577567797154 4.365000128746033 44.0 56.8 2.0 1.42
767.409 767.724 52.00578183867037 4.365022759884596 44.0 62.2 2.0 1.56
768.404 768.724 52.00578913092613 4.365042289718986 44.0 63.9 2.0 1.4699999
769.370 769.724 52.00579524971545 4.365061819553375 44.0 64.3 1.5 1.63
770.381 770.724 52.00580375734717 4.365083947777748 44.0 65.1 1.5 1.5699999
771.405 771.724 52.00581067241728 4.365104399621487 44.0 66.6 2.0 1.54
772.405 772.724 52.00581737793982 4.365127366036177 44.0 64.5 2.0 1.5999999
773.404 773.724 52.00582777149975 4.365145638585091 45.0 65.6 2.0 1.5699999
774.402 774.724 52.00583598576486 4.365163911134005 45.0 67.1 2.0 1.52
775.400 775.724 52.00584604404867 4.365186877548695 45.0 67.4 2.5 1.52
776.398 776.724 52.00585534796119 4.365203138440847 45.0 67.2 2.5 1.64
777.407 777.724 52.00586695689708 4.365220740437508 45.0 64.4 2.0 1.6899999
778.402 778.724 52.00587697327137 4.3652384262532 45.0 64.1 2.0 1.61
779.401 779.724 52.0058865705505 4.365258878096938 46.0 61.1 2.0 1.64
780.400 780.724 52.00589830521494 4.3652767315506935 46.0 61.9 2.0 1.5999999
781.406 781.724 52.00590861495584 4.365299278870225 46.0 63.9 2.5 1.56
782.415 782.724 52.00591825414449 4.365317802876234 46.0 65.0 2.5 1.64
783.388 783.724 52.00592642650008 4.365334818139672 47.0 67.2 2.0 1.4699999
784.404 784.724 52.0059333415702 4.36535325832665 47.0 66.4 2.0 1.55
785.409 785.724 52.0059410110116 4.3653695192188025 47.0 62.2 2.0 1.5699999
786.396 786.724 52.00594909954816 4.365387875586748 47.0 60.0 2.5 1.62
787.419 787.724 52.00595609843731 4.365406483411789 48.0 58.9 2.0 1.55
788.402 788.724 52.00596360024065 4.365427186712623 48.0 61.7 2.5 1.36
789.416 789.724 52.005967665463686 4.365446465089917 48.0 63.5 2.5 1.4699999
790.404 790.724 52.005974957719445 4.365464486181736 48.0 63.5 2.5 1.4399999
791.406 791.724 52.00598333962262 4.365487201139331 49.0 63.3 2.5 1.66
792.404 792.724 52.00598874595016 4.365511424839497 49.0 67.9 2.5 1.51
793.405 793.724 52.00599557720125 4.365534642711282 49.0 68.6 2.5 1.41
794.398 794.724 52.00600366573781 4.36555459164083 49.0 67.9 2.5 1.4499999
795.407 795.724 52.0060091977939 4.365575546398759 49.0 66.8 2.5 1.43
796.398 796.724 52.00601498130709 4.365591639652848 49.0 64.3 2.5 1.24
797.400 797.724 52.00602151919156 4.365610331296921 49.0 63.5 2.5 1.51
798.416 798.724 52.00602579396218 4.365629944950342 49.0 69.3 2.5 1.37
799.415 799.724 52.00603199657053 4.365648049861193 49.0 64.3 2.5 1.61
800.411 800.724 52.006040713749826 4.365670513361692 50.0 63.3 2.5 1.52
801.405 801.724 52.00605005957186 4.36569138430059 50.0 65.8 2.5 1.4599999
802.404 802.724 52.00605907011777 4.365714518353343 50.0 63.5 2.5 1.53
803.413 803.724 52.00606799684465 4.365741675719619 50.0 66.9 2.5 1.24
804.397 804.724 52.00607378035784 4.3657617922872305 50.0 67.0 2.5 1.5
805.414 805.724 52.00608115643263 4.365782914683223 50.0 69.3 2.5 1.5
806.401 806.724 52.006086562760174 4.365800097584724 50.0 72.7 2.5 1.52
807.406 807.724 52.00609205290675 4.36581845395267 50.0 69.2 2.5 1.68
808.401 808.724 52.00609942898154 4.36583798378706 50.0 67.3 2.5 1.52
809.414 809.724 52.00610764324665 4.365858603268862 50.0 67.4 2.5 1.43
810.407 810.724 52.006113971583545 4.3658793065696955 50.0 65.1 2.5 1.4
811.408 811.724 52.00612193439156 4.365901853889227 51.0 66.0 2.5 1.4
812.402 812.724 52.00612993910909 4.365919874981046 50.0 66.4 2.5 1.37
813.404 813.724 52.006134004332125 4.3659429252147675 50.0 69.9 2.0 1.3399999
814.403 814.724 52.00613677036017 4.365962790325284 50.0 74.8 2.5 1.26
815.412 815.724 52.00613840483129 4.365981565788388 50.0 85.4 2.5 1.39
816.405 816.724 52.00612683780491 4.366003191098571 49.0 92.7 2.5 1.29
817.406 817.724 52.00612402986735 4.366027750074863 49.0 94.9 2.0 1.24
818.399 818.724 52.00612436514348 4.366049459204078 49.0 92.7 2.5 1.09
819.416 819.724 52.00611971318722 4.366070665419102 49.0 94.1 2.5 1.11
820.401 820.724 52.006119042634964 4.366086842492223 49.0 96.3 2.5 0.77
821.408 821.724 52.006115899421275 4.366105953231454 49.0 100.2 2.0 0.84
822.403 822.724 52.00611514504999 4.366121292114258 49.0 91.1 2.5 1.05
823.419 823.724 52.00611925218254 4.366135876625776 48.0 79.1 3.0 1.01
824.409 824.724 52.00611837208271 4.366157418116927 48.0 82.1 3.0 1.1899999
825.415 825.724 52.006119042634964 4.3661803007125854 47.0 82.4 2.5 1.28
826.379 826.724 52.0061180787161 4.3662085477262735 47.0 82.0 3.0 1.29
827.438 827.724 52.0061199227348 4.366227574646473 47.0 75.8 3.0 1.26
828.404 828.724 52.00611837208271 4.366245260462165 46.0 64.5 2.5 1.1999999
829.401 829.724 52.0061215152964 4.3662704061716795 46.0 65.7 3.0 1.17
830.429 830.724 52.00612717308104 4.366289433091879 46.0 66.2 2.5 1.51
831.396 831.724 52.00613609980792 4.366319859400392 46.0 63.8 2.5 1.54
832.393 832.724 52.00614720582962 4.366340730339289 46.0 58.2 2.5 1.61
833.407 833.724 52.00616103596985 4.366366798058152 46.0 60.2 2.5 1.52
834.400 834.724 52.006171429529786 4.366386495530605 46.0 63.5 2.5 1.49
835.412 835.724 52.006176207214594 4.366410132497549 46.0 66.0 2.0 1.37
836.399 836.724 52.00618366710842 4.3664309196174145 46.0 64.8 2.5 1.65
837.423 837.724 52.00619125273079 4.3664515390992165 46.0 65.2 2.5 1.4599999
838.398 838.724 52.00619900599122 4.366468554362655 46.0 62.0 2.5 1.54
839.418 839.724 52.00620881281793 4.366490431129932 46.0 61.9 2.5 1.65
840.397 840.724 52.00621581170708 4.366511385887861 46.0 62.7 2.5 1.48
841.401 841.724 52.00621887110174 4.366527646780014 47.0 65.8 2.5 1.39
842.390 842.724 52.00622620526701 4.366546841338277 47.0 66.1 2.5 1.3299999
843.420 843.724 52.00623550917953 4.366568718105555 46.0 58.6 2.5 1.62
844.404 844.724 52.00624410063028 4.3665931932628155 46.0 58.6 2.5 1.5
845.396 845.724 52.00624770484865 4.366614567115903 46.0 60.6 2.5 1.4
846.404 846.724 52.00625386554748 4.366639545187354 46.0 65.4 2.5 1.54
847.405 847.724 52.00625638011843 4.366656392812729 46.0 72.3 2.5 1.4599999
848.417 848.724 52.006261493079364 4.366676509380341 46.0 76.9 2.5 1.55
849.418 849.724 52.00626526493579 4.366693859919906 45.0 81.6 2.5 1.39
850.419 850.724 52.00626828242093 4.366712719202042 45.0 89.0 2.5 1.4399999
851.405 851.724 52.0062681986019 4.366732081398368 45.0 97.5 2.5 1.51
852.408 852.724 52.00626446865499 4.3667548801749945 45.0 95.8 2.5 1.4499999
853.410 853.724 52.00626409146935 4.366776505485177 45.0 98.5 2.5 1.4
854.401 854.724 52.0062621217221 4.366797041147947 45.0 100.4 2.5 1.3
855.411 855.724 52.006254494190216 4.366818582639098 45.0 107.0 2.5 1.24
856.412 856.724 52.006247621029615 4.366839034482837 44.0 116.7 2.5 1.52
857.411 857.724 52.00623592827469 4.366856636479497 44.0 132.0 2.5 1.66
858.401 858.724 52.0062163984403 4.366877255961299 43.0 142.2 2.5 1.4399999
859.376 859.724 52.00619485694915 4.36689343303442 43.0 149.4 2.5 1.41
860.401 860.724 52.0061749080196 4.3669044971466064 42.0 155.9 2.0 1.37
861.418 861.724 52.00615722220391 4.36691396869719 41.0 160.0 2.0 1.2099999
862.388 862.724 52.00614226050675 4.36692176386714 41.0 163.2 2.5 1.15
863.408 863.724 52.00613019056618 4.366931654512882 41.0 161.3 2.0 1.18
864.405 864.724 52.006116905249655 4.366940455511212 41.0 157.9 2.5 1.28
865.401 865.724 52.00610714033246 4.366946993395686 40.0 156.7 2.5 1.0799999
866.412 866.724 52.00609511230141 4.366955375298858 40.0 155.6 2.5 1.22
867.409 867.724 52.006079060956836 4.366960823535919 39.0 163.8 2.5 1.06
868.405 868.724 52.006065901368856 4.36696769669652 39.0 162.5 2.5 1.1899999
869.398 869.724 52.0060522807762 4.366974234580994 39.0 165.1 2.5 1.15
870.402 870.724 52.006041132844985 4.366978593170643 39.0 166.0 2.0 1.05
871.411 871.724 52.006026254966855 4.366982616484165 39.0 163.2 2.0 1.26
872.402 872.724 52.00601414311677 4.366990914568305 38.0 164.3 2.0 1.2099999
873.408 873.724 52.00600253418088 4.367000134661794 38.0 162.4 2.0 1.25
874.404 874.724 52.00599272735417 4.367004493251443 38.0 171.6 2.0 1.28
875.417 875.724 52.005980322137475 4.367008348926902 38.0 185.2 2.0 1.55
876.397 876.724 52.005965150892735 4.367010863497853 38.0 192.7 2.0 1.4699999
877.426 877.724 52.00595111120492 4.367007510736585 39.0 199.7 2.0 1.4699999
878.408 878.724 52.005938244983554 4.367001811042428 40.0 205.9 1.5 1.52
879.420 879.724 52.00592596549541 4.366996865719557 40.0 208.0 1.5 1.51
880.403 880.724 52.00591322500259 4.366985885426402 41.0 207.7 1.5 1.48
881.414 881.724 52.005899394862354 4.366977838799357 42.0 205.7 2.0 1.5699999
882.414 882.724 52.00588434934616 4.366970211267471 42.0 200.7 2.0 1.62
883.411 883.724 52.00586976483464 4.366965936496854 43.0 207.8 2.0 1.48
884.401 884.724 52.00585777871311 4.3669601529836655 43.0 204.7 2.0 1.4699999
885.416 885.724 52.005842733196914 4.36695059761405 44.0 206.8 2.0 1.5699999
886.414 886.724 52.00582747813314 4.366945652291179 44.0 207.0 2.0 1.42
887.409 887.724 52.00581406708807 4.366938611492515 44.0 207.7 2.0 1.49
888.412 888.724 52.00580258388072 4.366935426369309 45.0 209.0 1.5 1.48
889.380 889.724 52.005791519768536 4.366932325065136 45.0 210.0 1.5 1.36
890.376 890.724 52.00577722862363 4.36692419461906 45.0 208.8 2.0 1.43
891.406 891.724 52.00576306320727 4.366916818544269 46.0 209.9 1.5 1.4699999
892.398 892.724 52.0057517895475 4.366908688098192 47.0 212.3 1.5 1.4699999
893.418 893.724 52.00573896523565 4.3669000547379255 47.0 205.9 1.5 1.4599999
894.421 894.724 52.00572886504233 4.366898126900196 47.0 207.2 2.0 1.31
895.421 895.724 52.00571972876787 4.366889661177993 48.0 211.0 2.0 0.97999996
896.405 896.724 52.00571113731712 4.3668776750564575 48.0 212.3 1.5 0.47
897.395 897.724 52.00570585671812 4.366869628429413 49.0 212.9 2.0 0.19
898.387 898.724 52.005706024356186 4.3668691255152225 49.0 0.0 2.0 0.0
899.417 899.724 52.00570598244667 4.366869041696191 49.0 0.0 2.0 0.0
