accelerometer.txt

All values are in SI units (m/s^2).
http://developer.android.com/guide/topics/sensors/sensors_overview.html

elapsed-time-system elapsed-time-sensor x y z
0.062 0.001 -0.025139118 -0.037110128 9.168595
0.062 0.027 -0.007182605 -0.019153614 9.787497
0.110 0.051 -0.007182605 -0.02633622 9.800665
0.110 0.072 0.0023942017 -0.025139118 9.792285
0.114 0.093 0.0011971008 -0.025139118 9.800665
0.135 0.114 -0.010773907 -0.025139118 9.794679
0.166 0.134 -0.007182605 -0.029927522 9.793482
0.174 0.154 -0.011971008 -0.02873042 9.794679
0.194 0.174 -0.011971008 -0.027533319 9.794679
0.214 0.194 -0.0035913025 -0.019153614 9.79827
0.234 0.214 -0.0011971008 -0.02633622 9.7958765
0.254 0.234 -0.011971008 -0.031124622 9.800665
0.274 0.254 -0.008379706 -0.02873042 9.7958765
0.294 0.274 -0.005985504 -0.020350715 9.788693
0.314 0.294 0.0035913025 -0.023942016 9.801862
0.334 0.314 -0.009576807 -0.027533319 9.791088
0.354 0.334 -0.008379706 -0.029927522 9.78989
0.374 0.354 -0.0035913025 -0.033518825 9.791088
0.394 0.374 0.0023942017 -0.031124622 9.800665
0.414 0.394 -0.0023942017 -0.017956512 9.794679
0.434 0.414 -0.0023942017 -0.027533319 9.787497
0.454 0.434 -0.0047884034 -0.025139118 9.7863
0.474 0.454 0.0047884034 -0.025139118 9.787497
0.498 0.474 -0.005985504 -0.025139118 9.794679
0.521 0.494 0.0011971008 -0.023942016 9.791088
0.534 0.514 -0.0011971008 -0.02633622 9.788693
0.554 0.534 -0.007182605 -0.02633622 9.7863
0.574 0.554 -0.0035913025 -0.011971008 9.781511
0.594 0.574 -0.007182605 -0.021547815 9.800665
0.615 0.594 -0.007182605 -0.020350715 9.78989
0.634 0.614 -0.0035913025 -0.029927522 9.7803135
0.654 0.634 -0.007182605 -0.034715924 9.787497
0.674 0.654 0.008379706 -0.021547815 9.787497
0.694 0.674 0.008379706 -0.019153614 9.7958765
0.714 0.694 0.0035913025 -0.025139118 9.791088
0.734 0.714 -0.008379706 -0.02633622 9.7803135
0.754 0.734 -0.005985504 -0.02633622 9.781511
0.774 0.754 0.0035913025 -0.023942016 9.787497
0.795 0.774 -0.009576807 -0.016759412 9.7863
0.814 0.794 -0.009576807 -0.025139118 9.783905
0.835 0.814 -0.008379706 -0.02873042 9.77792
0.854 0.834 -0.0035913025 -0.033518825 9.779117
0.875 0.854 -0.0035913025 -0.02633622 9.77792
0.895 0.874 -0.0011971008 -0.005985504 9.793482
0.915 0.894 0.0011971008 -0.025139118 9.78989
0.935 0.914 0.0011971008 -0.023942016 9.788693
0.955 0.934 -0.007182605 -0.034715924 9.7803135
0.975 0.954 -0.0023942017 -0.035913024 9.775525
0.995 0.974 -0.0011971008 -0.016759412 9.783905
1.015 0.994 -0.016759412 -0.015562311 9.792285
1.035 1.014 -0.0047884034 -0.023942016 9.794679
1.055 1.034 -0.011971008 -0.02873042 9.77792
1.075 1.054 -0.0023942017 -0.02633622 9.785102
1.095 1.074 -0.0023942017 -0.016759412 9.787497
1.116 1.094 -0.0035913025 -0.021547815 9.782708
1.135 1.114 -0.010773907 -0.01436521 9.779117
1.155 1.134 0.0047884034 -0.029927522 9.779117
1.175 1.154 0.005985504 -0.023942016 9.7803135
1.195 1.174 -0.0047884034 -0.019153614 9.788693
1.215 1.194 -0.007182605 -0.021547815 9.782708
1.235 1.214 -0.010773907 -0.016759412 9.7803135
1.255 1.234 -0.0011971008 -0.031124622 9.782708
1.275 1.254 0.0035913025 -0.02873042 9.774328
1.295 1.274 0.007182605 -0.021547815 9.7803135
1.315 1.294 -0.005985504 -0.020350715 9.7863
1.335 1.314 -0.01436521 -0.027533319 9.7803135
1.355 1.334 -0.01436521 -0.031124622 9.776723
1.375 1.354 0.01436521 -0.02633622 9.783905
1.395 1.374 -0.0023942017 -0.017956512 9.782708
1.415 1.394 -0.0035913025 -0.023942016 9.785102
1.435 1.414 -0.007182605 -0.017956512 9.7803135
1.455 1.434 -0.007182605 -0.02873042 9.781511
1.475 1.454 0.005985504 -0.022744916 9.781511
1.495 1.474 -0.0011971008 -0.022744916 9.78989
1.515 1.494 -0.016759412 -0.021547815 9.782708
1.535 1.514 -0.0011971008 -0.02633622 9.773131
1.555 1.534 -0.0011971008 -0.02633622 9.787497
1.575 1.554 0.0011971008 -0.023942016 9.785102
1.595 1.574 -0.01436521 -0.007182605 9.78989
1.615 1.594 -0.01316811 -0.005985504 9.779117
1.635 1.614 0.0023942017 -0.02633622 9.783905
1.655 1.634 0.007182605 -0.02633622 9.783905
1.675 1.654 0.008379706 -0.023942016 9.78989
1.695 1.674 -0.0011971008 -0.025139118 9.78989
1.715 1.694 -0.0035913025 -0.022744916 9.781511
1.735 1.714 0.0023942017 -0.02633622 9.781511
1.755 1.734 0.0035913025 -0.031124622 9.783905
1.775 1.754 -0.0011971008 -0.017956512 9.791088
1.796 1.774 -0.0047884034 -0.0011971008 9.781511
1.814 1.794 -0.008379706 -0.02633622 9.77792
1.834 1.814 0.0011971008 -0.027533319 9.77792
1.854 1.834 -0.008379706 -0.01436521 9.779117
1.874 1.854 -0.0047884034 -0.019153614 9.785102
1.894 1.874 -0.008379706 -0.023942016 9.779117
1.914 1.894 -0.011971008 -0.025139118 9.783905
1.935 1.914 -0.0023942017 -0.02633622 9.782708
1.955 1.934 -0.0035913025 -0.023942016 9.787497
1.975 1.954 -0.0011971008 -0.025139118 9.7803135
1.995 1.974 -0.007182605 -0.023942016 9.783905
2.015 1.994 0.0023942017 -0.025139118 9.7803135
2.035 2.014 0.0035913025 -0.02633622 9.775525
2.055 2.034 0.0023942017 -0.023942016 9.788693
2.075 2.054 -0.008379706 -0.023942016 9.783905
2.095 2.074 -0.01316811 -0.021547815 9.775525
2.116 2.094 -0.0047884034 -0.03232172 9.77792
2.135 2.114 -0.008379706 -0.025139118 9.791088
2.155 2.134 0.0047884034 -0.009576807 9.782708
2.175 2.154 -0.01316811 -0.020350715 9.782708
2.195 2.174 -0.008379706 -0.025139118 9.782708
2.215 2.194 0.007182605 -0.02633622 9.787497
2.235 2.214 -0.005985504 -0.02633622 9.776723
2.255 2.234 -0.0023942017 -0.01316811 9.782708
2.275 2.254 -0.0047884034 -0.020350715 9.776723
2.295 2.274 -0.0023942017 -0.029927522 9.77792
2.315 2.294 -0.009576807 -0.01436521 9.781511
2.335 2.314 -0.0011971008 -0.022744916 9.785102
2.355 2.334 -0.0023942017 -0.01316811 9.776723
2.375 2.354 -0.011971008 -0.025139118 9.781511
2.395 2.374 -0.0035913025 -0.031124622 9.782708
2.415 2.394 0.0023942017 -0.022744916 9.785102
2.435 2.414 -0.0023942017 -0.010773907 9.783905
2.455 2.434 -0.01316811 -0.019153614 9.782708
2.475 2.454 -0.005985504 -0.031124622 9.776723
2.495 2.474 0.0011971008 -0.02873042 9.77792
2.515 2.494 0.0011971008 -0.023942016 9.776723
2.535 2.514 -0.0035913025 -0.015562311 9.779117
2.555 2.534 -0.007182605 -0.027533319 9.78989
2.575 2.554 -0.010773907 -0.02633622 9.779117
2.595 2.574 -0.007182605 -0.027533319 9.779117
2.615 2.594 0.0047884034 -0.02633622 9.782708
2.635 2.614 -0.0011971008 -0.022744916 9.787497
2.655 2.634 -0.017956512 -0.019153614 9.781511
2.678 2.654 0.0023942017 -0.027533319 9.77792
2.695 2.674 0.0011971008 -0.029927522 9.785102
2.715 2.694 0.0023942017 -0.027533319 9.787497
2.735 2.714 -0.0035913025 -0.027533319 9.788693
2.755 2.734 -0.005985504 -0.02873042 9.774328
2.775 2.754 -0.01316811 -0.029927522 9.775525
2.795 2.774 -0.0011971008 -0.023942016 9.782708
2.815 2.794 -0.0011971008 -0.01316811 9.781511
2.835 2.814 -0.0035913025 -0.01436521 9.782708
2.855 2.834 -0.0047884034 -0.015562311 9.781511
2.875 2.854 -0.008379706 -0.027533319 9.785102
2.895 2.874 -0.0011971008 -0.025139118 9.781511
2.915 2.894 0.0023942017 -0.01436521 9.7719345
2.935 2.914 -0.008379706 -0.017956512 9.781511
2.955 2.934 -0.01436521 -0.02873042 9.774328
2.977 2.954 -0.0023942017 -0.025139118 9.788693
2.995 2.974 0.0047884034 -0.025139118 9.781511
3.015 2.994 0.0011971008 -0.021547815 9.7863
3.035 3.014 -0.009576807 -0.029927522 9.785102
3.055 3.034 -0.009576807 -0.033518825 9.7863
3.075 3.054 0.0047884034 -0.016759412 9.78989
3.095 3.074 -0.007182605 0.008379706 9.783905
3.115 3.094 0.008379706 -0.025139118 9.7803135
3.135 3.114 -0.01316811 -0.04309563 9.757569
3.155 3.134 -0.0035913025 -0.03232172 9.773131
3.175 3.154 -0.005985504 -0.011971008 9.787497
3.195 3.174 -0.01316811 -0.0023942017 9.783905
3.215 3.194 -0.010773907 -0.023942016 9.779117
3.235 3.214 -0.022744916 -0.044292733 9.764751
3.255 3.234 0.008379706 -0.029927522 9.775525
3.275 3.254 -0.0047884034 -0.021547815 9.792285
3.295 3.274 -0.010773907 0.0047884034 9.792285
3.315 3.294 -0.007182605 -0.027533319 9.7803135
3.335 3.314 -0.009576807 -0.044292733 9.762358
3.355 3.334 -0.0035913025 -0.015562311 9.779117
3.375 3.354 -0.0035913025 -0.015562311 9.78989
3.395 3.374 -0.008379706 -0.01436521 9.781511
3.415 3.394 -0.01436521 -0.033518825 9.776723
3.435 3.414 -0.009576807 -0.045489833 9.764751
3.455 3.434 0.0047884034 -0.020350715 9.774328
3.475 3.454 -0.005985504 -0.0023942017 9.783905
3.495 3.474 -0.0047884034 -0.022744916 9.787497
3.515 3.494 -0.0035913025 -0.02873042 9.776723
3.535 3.514 0.0035913025 -0.025139118 9.776723
3.558 3.534 0.010773907 -0.023942016 9.787497
3.575 3.554 0.005985504 -0.0047884034 9.781511
3.595 3.574 -0.01436521 -0.020350715 9.773131
3.615 3.594 -0.005985504 -0.034715924 9.77792
3.635 3.614 0.0035913025 -0.02873042 9.783905
3.655 3.634 -0.008379706 -0.01316811 9.783905
3.675 3.654 -0.0035913025 -0.022744916 9.783905
3.695 3.674 -0.005985504 -0.027533319 9.775525
3.715 3.694 -0.008379706 -0.02873042 9.775525
3.735 3.714 -0.0011971008 -0.022744916 9.781511
3.755 3.734 0.0047884034 -0.022744916 9.7863
3.775 3.754 -0.009576807 -0.017956512 9.783905
3.795 3.774 -0.005985504 -0.023942016 9.781511
3.815 3.794 -0.0011971008 -0.031124622 9.77792
3.835 3.814 -0.0023942017 -0.015562311 9.781511
3.858 3.834 -0.016759412 -0.01436521 9.783905
3.875 3.854 0.0047884034 -0.025139118 9.781511
3.895 3.874 0.0011971008 -0.02633622 9.77792
3.915 3.894 -0.005985504 -0.021547815 9.781511
3.935 3.914 -0.0035913025 -0.017956512 9.785102
3.955 3.934 0.005985504 -0.027533319 9.776723
3.975 3.954 -0.010773907 -0.011971008 9.7803135
3.995 3.974 0.0023942017 -0.025139118 9.781511
4.015 3.994 0.007182605 -0.025139118 9.783905
4.035 4.014 0.007182605 -0.025139118 9.788693
4.055 4.034 -0.016759412 -0.017956512 9.776723
4.075 4.054 -0.009576807 -0.029927522 9.77792
4.095 4.074 -0.0047884034 -0.025139118 9.781511
4.115 4.094 0.0023942017 -0.025139118 9.775525
4.135 4.114 0.0023942017 -0.01316811 9.7803135
4.157 4.134 -0.005985504 -0.016759412 9.781511
4.175 4.154 -0.005985504 -0.02633622 9.774328
4.195 4.174 -0.0023942017 -0.02633622 9.768343
4.215 4.194 0.01316811 -0.025139118 9.779117
4.235 4.214 0.0023942017 -0.016759412 9.7803135
4.255 4.234 0.0011971008 -0.020350715 9.77792
4.275 4.254 -0.0035913025 -0.02633622 9.782708
4.295 4.274 -0.0047884034 -0.022744916 9.7803135
4.315 4.294 -0.0047884034 -0.009576807 9.783905
4.335 4.314 -0.0047884034 -0.020350715 9.781511
4.355 4.334 -0.0035913025 -0.020350715 9.7863
4.375 4.354 -0.005985504 -0.03232172 9.7803135
4.395 4.374 0.0011971008 -0.023942016 9.77792
4.415 4.394 0.0023942017 -0.025139118 9.785102
4.435 4.414 -0.009576807 -0.019153614 9.785102
4.456 4.434 -0.0011971008 -0.02633622 9.782708
4.475 4.454 -0.0011971008 -0.027533319 9.773131
4.495 4.474 -0.0023942017 -0.025139118 9.779117
4.515 4.494 -0.0047884034 -0.023942016 9.7863
4.535 4.514 -0.009576807 -0.031124622 9.770737
4.555 4.534 0.008379706 -0.02633622 9.775525
4.575 4.554 0.0023942017 -0.027533319 9.77792
4.595 4.574 0.0023942017 -0.017956512 9.783905
4.615 4.594 -0.0011971008 -0.01316811 9.783905
4.635 4.614 -0.005985504 -0.022744916 9.785102
4.655 4.634 -0.0011971008 -0.025139118 9.776723
4.675 4.654 -0.0035913025 -0.02873042 9.776723
4.695 4.674 0.0047884034 -0.007182605 9.7803135
4.715 4.694 0.0047884034 -0.02873042 9.782708
4.735 4.714 -0.007182605 -0.02633622 9.779117
4.755 4.734 -0.007182605 -0.025139118 9.782708
4.775 4.754 0.0011971008 -0.0047884034 9.785102
4.795 4.774 -0.0047884034 -0.016759412 9.791088
4.815 4.794 -0.010773907 -0.009576807 9.782708
4.835 4.814 -0.010773907 -0.038307227 9.775525
4.855 4.834 -0.010773907 -0.033518825 9.775525
4.875 4.854 0.0023942017 -0.025139118 9.788693
4.895 4.874 -0.0011971008 -0.021547815 9.783905
4.915 4.894 -0.009576807 -0.03232172 9.776723
4.935 4.914 -0.005985504 -0.022744916 9.7803135
4.955 4.934 0.007182605 -0.025139118 9.782708
4.975 4.954 -0.0047884034 -0.01436521 9.7803135
4.995 4.974 -0.0023942017 -0.025139118 9.788693
5.015 4.994 -0.008379706 -0.025139118 9.7803135
5.038 5.014 0.0047884034 -0.027533319 9.774328
5.055 5.034 -0.0035913025 -0.016759412 9.77792
5.075 5.054 -0.0035913025 -0.011971008 9.782708
5.095 5.074 -0.0011971008 -0.025139118 9.785102
5.115 5.094 -0.007182605 -0.033518825 9.763555
5.135 5.114 0.007182605 -0.027533319 9.781511
5.155 5.134 -0.0011971008 -0.021547815 9.791088
5.175 5.154 -0.009576807 -0.025139118 9.77792
5.195 5.174 0.0035913025 -0.027533319 9.775525
5.215 5.194 0.0035913025 -0.025139118 9.7803135
5.235 5.214 0.007182605 -0.022744916 9.7803135
5.255 5.234 -0.008379706 -0.025139118 9.77792
5.275 5.254 -0.0035913025 -0.02633622 9.779117
5.295 5.274 -0.005985504 -0.02633622 9.775525
5.315 5.294 -0.0011971008 -0.021547815 9.7803135
5.337 5.314 0.0023942017 -0.015562311 9.783905
5.355 5.334 -0.007182605 -0.025139118 9.783905
5.375 5.354 -0.007182605 -0.023942016 9.775525
5.395 5.374 -0.005985504 -0.025139118 9.7863
5.415 5.394 -0.005985504 -0.011971008 9.785102
5.435 5.414 -0.016759412 -0.022744916 9.775525
5.456 5.434 -0.007182605 -0.031124622 9.77792
5.475 5.454 -0.0023942017 -0.025139118 9.782708
5.495 5.474 0.0035913025 -0.025139118 9.779117
5.515 5.494 -0.005985504 -0.009576807 9.782708
5.535 5.514 -0.01316811 -0.021547815 9.7803135
5.555 5.534 0.0011971008 -0.02633622 9.773131
5.575 5.554 0.0035913025 -0.025139118 9.770737
5.595 5.574 0.0023942017 -0.025139118 9.781511
5.615 5.594 -0.007182605 -0.023942016 9.785102
5.635 5.614 -0.007182605 -0.023942016 9.783905
5.655 5.634 0.0035913025 -0.025139118 9.775525
5.675 5.654 0.0035913025 -0.021547815 9.7803135
5.695 5.674 0.0011971008 -0.023942016 9.788693
5.715 5.694 -0.0035913025 -0.025139118 9.787497
5.735 5.714 0.0011971008 -0.023942016 9.7803135
5.755 5.734 -0.0011971008 -0.020350715 9.782708
5.775 5.754 0.0011971008 -0.021547815 9.7719345
5.795 5.774 -0.0023942017 -0.017956512 9.781511
5.815 5.794 -0.0011971008 -0.027533319 9.788693
5.835 5.814 0.0035913025 -0.019153614 9.7719345
5.855 5.834 -0.007182605 -0.025139118 9.774328
5.875 5.854 0.0011971008 -0.02633622 9.779117
5.895 5.874 0.0047884034 -0.023942016 9.7863
5.915 5.894 -0.007182605 -0.022744916 9.779117
5.935 5.914 0.007182605 -0.023942016 9.773131
5.955 5.934 -0.008379706 -0.025139118 9.77792
5.975 5.954 0.007182605 -0.025139118 9.779117
5.994 5.974 -0.0035913025 -0.019153614 9.781511
6.014 5.994 0.010773907 -0.02633622 9.775525
6.034 6.014 -0.0035913025 -0.019153614 9.779117
6.055 6.034 0.0023942017 -0.022744916 9.779117
6.075 6.054 -0.0011971008 -0.02633622 9.775525
6.095 6.074 0.0035913025 -0.025139118 9.783905
6.115 6.094 0.0035913025 -0.025139118 9.7803135
6.135 6.114 -0.015562311 -0.017956512 9.774328
6.155 6.134 -0.015562311 -0.025139118 9.773131
6.175 6.154 0.0023942017 -0.02633622 9.787497
6.195 6.174 0.0011971008 -0.025139118 9.782708
6.217 6.194 -0.007182605 -0.020350715 9.781511
6.235 6.214 -0.007182605 -0.02633622 9.783905
6.255 6.234 -0.007182605 -0.025139118 9.7803135
6.275 6.254 -0.007182605 -0.021547815 9.783905
6.295 6.274 -0.0035913025 -0.020350715 9.7863
6.315 6.294 -0.0011971008 -0.025139118 9.781511
6.335 6.314 -0.007182605 -0.023942016 9.782708
6.355 6.334 -0.0035913025 -0.025139118 9.785102
6.375 6.354 -0.0011971008 -0.021547815 9.785102
6.395 6.374 -0.0023942017 -0.02633622 9.775525
6.414 6.394 0.008379706 -0.02873042 9.7719345
6.434 6.414 0.01436521 -0.02633622 9.770737
6.454 6.434 0.0035913025 -0.021547815 9.77792
6.474 6.454 -0.011971008 -0.01436521 9.776723
6.494 6.474 0.0023942017 -0.02873042 9.781511
6.514 6.494 0.0047884034 -0.027533319 9.782708
6.534 6.514 0.0035913025 -0.023942016 9.783905
6.554 6.534 0.0047884034 -0.019153614 9.77792
6.575 6.554 -0.008379706 -0.01436521 9.779117
6.595 6.574 -0.0047884034 -0.027533319 9.776723
6.615 6.594 0.0035913025 -0.027533319 9.781511
6.635 6.614 0.0011971008 -0.015562311 9.776723
6.655 6.634 -0.005985504 -0.021547815 9.779117
6.675 6.654 -0.005985504 -0.027533319 9.7803135
6.695 6.674 0.0023942017 -0.02633622 9.77792
6.715 6.694 -0.0011971008 -0.016759412 9.782708
6.735 6.714 -0.0011971008 -0.019153614 9.776723
6.755 6.734 -0.009576807 -0.020350715 9.781511
6.775 6.754 0.0047884034 -0.025139118 9.782708
6.798 6.774 -0.0035913025 -0.02873042 9.779117
6.816 6.794 -0.0011971008 -0.022744916 9.783905
6.835 6.814 0.0035913025 -0.022744916 9.783905
6.855 6.834 -0.0011971008 -0.019153614 9.779117
6.875 6.854 0.0011971008 -0.027533319 9.779117
6.895 6.874 0.010773907 -0.023942016 9.785102
6.914 6.894 -0.0023942017 -0.019153614 9.779117
6.934 6.914 0.0035913025 -0.025139118 9.782708
6.954 6.934 0.005985504 -0.023942016 9.788693
6.974 6.954 -0.0047884034 -0.027533319 9.779117
6.995 6.974 -0.0047884034 -0.023942016 9.781511
7.015 6.994 -0.0047884034 -0.011971008 9.779117
7.035 7.014 0.01436521 -0.023942016 9.77792
7.055 7.034 -0.007182605 -0.02633622 9.785102
7.075 7.054 -0.008379706 -0.023942016 9.779117
7.095 7.074 0.0023942017 -0.025139118 9.781511
7.115 7.094 -0.0023942017 -0.022744916 9.779117
7.135 7.114 -0.0023942017 -0.021547815 9.783905
7.155 7.134 0.007182605 -0.025139118 9.776723
7.175 7.154 -0.007182605 -0.023942016 9.7719345
7.195 7.174 0.0023942017 -0.02633622 9.774328
7.215 7.194 0.0035913025 -0.021547815 9.78989
7.235 7.214 0.005985504 -0.027533319 9.767146
7.255 7.234 -0.0047884034 -0.022744916 9.779117
7.275 7.254 0.0011971008 -0.025139118 9.783905
7.295 7.274 -0.0035913025 -0.016759412 9.781511
7.315 7.294 0.0011971008 -0.025139118 9.781511
7.335 7.314 0.0011971008 -0.02633622 9.77792
7.355 7.334 -0.0023942017 -0.025139118 9.776723
7.375 7.354 -0.007182605 -0.02633622 9.776723
7.396 7.374 -0.0047884034 -0.01316811 9.7803135
7.415 7.394 -0.0023942017 -0.020350715 9.783905
7.435 7.414 -0.007182605 -0.031124622 9.773131
7.455 7.434 -0.0023942017 -0.02873042 9.774328
7.475 7.454 -0.007182605 -0.015562311 9.779117
7.496 7.474 0.0023942017 -0.025139118 9.783905
7.514 7.494 -0.0023942017 -0.023942016 9.7803135
7.534 7.514 0.0047884034 -0.025139118 9.774328
7.554 7.534 -0.0023942017 -0.02873042 9.76954
7.574 7.554 -0.007182605 -0.021547815 9.779117
7.595 7.574 -0.0047884034 -0.020350715 9.7803135
7.614 7.594 -0.0035913025 -0.021547815 9.7803135
7.634 7.614 0.0011971008 -0.027533319 9.781511
7.654 7.634 0.0011971008 -0.025139118 9.781511
7.674 7.654 -0.005985504 -0.023942016 9.7863
7.694 7.674 -0.0047884034 -0.021547815 9.77792
7.714 7.694 -0.010773907 -0.01316811 9.779117
7.734 7.714 -0.005985504 -0.021547815 9.781511
7.754 7.734 -0.009576807 -0.022744916 9.775525
7.774 7.754 -0.0035913025 -0.019153614 9.782708
7.794 7.774 -0.0035913025 -0.019153614 9.775525
7.815 7.794 -0.0035913025 -0.023942016 9.785102
7.835 7.814 0.0047884034 -0.025139118 9.773131
7.855 7.834 0.005985504 -0.023942016 9.775525
7.875 7.854 -0.0011971008 -0.021547815 9.7863
7.895 7.874 -0.0011971008 -0.02633622 9.782708
7.915 7.894 -0.0047884034 -0.02633622 9.775525
7.935 7.914 -0.0023942017 -0.02873042 9.779117
7.955 7.934 -0.0047884034 -0.021547815 9.782708
7.975 7.954 -0.0035913025 -0.015562311 9.77792
7.995 7.974 -0.005985504 -0.02633622 9.767146
8.015 7.994 -0.01316811 -0.034715924 9.785102
8.035 8.014 0.008379706 -0.02873042 9.776723
8.055 8.034 -0.0023942017 -0.008379706 9.7863
8.077 8.054 -0.01316811 -0.007182605 9.779117
8.095 8.074 -0.01436521 -0.015562311 9.77792
8.115 8.094 -0.007182605 -0.027533319 9.775525
8.135 8.114 -0.007182605 -0.03232172 9.785102
8.155 8.134 0.007182605 -0.023942016 9.7863
8.175 8.154 0.0011971008 -0.022744916 9.7863
8.195 8.174 -0.0011971008 -0.025139118 9.782708
8.215 8.194 -0.009576807 -0.02873042 9.782708
8.235 8.214 -0.0023942017 -0.02873042 9.775525
8.255 8.234 0.005985504 -0.022744916 9.782708
8.275 8.254 -0.005985504 -0.020350715 9.783905
8.295 8.274 -0.007182605 -0.019153614 9.7803135
8.315 8.294 -0.01316811 -0.029927522 9.775525
8.335 8.314 -0.0023942017 -0.034715924 9.776723
8.355 8.334 -0.0023942017 -0.022744916 9.785102
8.377 8.354 -0.005985504 -0.015562311 9.782708
8.395 8.374 -0.0047884034 -0.031124622 9.7719345
8.415 8.394 0.0011971008 -0.027533319 9.781511
8.435 8.414 -0.005985504 -0.031124622 9.779117
8.455 8.434 0.0035913025 -0.02633622 9.791088
8.475 8.454 -0.008379706 -0.015562311 9.779117
8.495 8.474 0.0011971008 -0.01316811 9.782708
8.515 8.494 0.007182605 -0.02873042 9.770737
8.535 8.514 0.008379706 -0.02633622 9.779117
8.555 8.534 0.008379706 -0.01436521 9.77792
8.575 8.554 -0.008379706 -0.015562311 9.776723
8.595 8.574 -0.01316811 -0.01316811 9.779117
8.615 8.594 -0.0035913025 -0.02873042 9.774328
8.635 8.614 0.0035913025 -0.023942016 9.770737
8.655 8.634 0.0035913025 -0.021547815 9.785102
8.675 8.654 -0.0023942017 -0.01436521 9.779117
8.695 8.674 -0.010773907 -0.029927522 9.779117
8.715 8.694 0.0035913025 -0.031124622 9.776723
8.735 8.714 0.0023942017 -0.02873042 9.781511
8.758 8.734 -0.0011971008 -0.019153614 9.775525
8.775 8.754 -0.007182605 -0.023942016 9.7863
8.796 8.774 -0.0047884034 -0.02633622 9.781511
8.815 8.794 -0.008379706 -0.033518825 9.7719345
8.835 8.814 0.005985504 -0.02873042 9.7719345
8.855 8.834 -0.0035913025 -0.031124622 9.7719345
8.875 8.854 -0.007182605 -0.022744916 9.776723
8.895 8.874 -0.011971008 -0.015562311 9.775525
8.915 8.894 -0.0035913025 -0.017956512 9.781511
8.935 8.914 0.0023942017 -0.016759412 9.785102
8.955 8.934 0.007182605 -0.02633622 9.779117
8.975 8.954 -0.015562311 -0.027533319 9.774328
8.995 8.974 -0.0035913025 -0.02873042 9.779117
9.015 8.994 -0.010773907 -0.029927522 9.779117
9.035 9.014 0.007182605 -0.02873042 9.785102
9.055 9.034 0.0011971008 -0.023942016 9.773131
9.075 9.054 0.0011971008 -0.020350715 9.776723
9.095 9.074 -0.010773907 -0.023942016 9.787497
9.115 9.094 -0.0011971008 -0.029927522 9.770737
9.135 9.114 0.0035913025 -0.031124622 9.767146
9.155 9.134 0.0023942017 -0.021547815 9.788693
9.175 9.154 -0.008379706 -0.0047884034 9.78989
9.195 9.174 -0.023942016 -0.007182605 9.7863
9.215 9.194 -0.01436521 -0.035913024 9.762358
9.235 9.214 -0.009576807 -0.047884032 9.753978
9.255 9.234 0.0035913025 -0.02633622 9.788693
9.275 9.254 -0.01436521 -0.009576807 9.782708
9.295 9.274 -0.0035913025 -0.025139118 9.782708
9.315 9.294 -0.005985504 -0.051475335 9.779117
9.335 9.314 0.009576807 -0.02633622 9.775525
9.355 9.334 -0.020350715 -0.0035913025 9.782708
9.375 9.354 -0.016759412 -0.015562311 9.788693
9.395 9.374 -0.005985504 -0.023942016 9.781511
9.415 9.394 -0.0047884034 -0.034715924 9.775525
9.435 9.414 -0.0011971008 -0.035913024 9.76954
9.455 9.434 -0.0011971008 -0.016759412 9.783905
9.475 9.454 -0.020350715 -0.009576807 9.7803135
9.495 9.474 -0.0035913025 -0.029927522 9.765948
9.515 9.494 0.0047884034 -0.035913024 9.770737
9.535 9.514 -0.0011971008 -0.005985504 9.781511
9.555 9.534 -0.005985504 -0.019153614 9.785102
9.575 9.554 -0.01316811 -0.02633622 9.783905
9.595 9.574 -0.0011971008 -0.033518825 9.77792
9.615 9.594 -0.0047884034 -0.02873042 9.768343
9.639 9.614 -0.0035913025 -0.021547815 9.787497
9.655 9.634 -0.0047884034 -0.021547815 9.782708
9.675 9.654 -0.010773907 -0.020350715 9.787497
9.695 9.674 -0.007182605 -0.037110128 9.76954
9.715 9.694 0.008379706 -0.02633622 9.783905
9.735 9.714 0.0023942017 -0.011971008 9.783905
9.755 9.734 -0.007182605 -0.020350715 9.783905
9.775 9.754 -0.005985504 -0.017956512 9.776723
9.795 9.774 -0.0011971008 -0.025139118 9.77792
9.815 9.794 -0.0011971008 -0.02633622 9.7863
9.835 9.814 -0.005985504 -0.017956512 9.779117
9.855 9.834 -0.008379706 -0.027533319 9.781511
9.875 9.854 0.0023942017 -0.02633622 9.776723
9.895 9.874 -0.010773907 -0.025139118 9.779117
9.915 9.894 0.005985504 -0.020350715 9.781511
9.938 9.914 -0.005985504 -0.015562311 9.781511
9.955 9.934 -0.0047884034 -0.01316811 9.781511
9.975 9.954 0.0047884034 -0.02633622 9.776723
9.995 9.974 0.0047884034 -0.02873042 9.775525
10.015 9.994 -0.0011971008 -0.027533319 9.779117
10.035 10.014 -0.0011971008 -0.023942016 9.7863
10.055 10.034 -0.005985504 -0.022744916 9.787497
10.075 10.054 -0.0047884034 -0.02633622 9.77792
10.095 10.074 0.0023942017 -0.027533319 9.770737
10.115 10.094 0.01316811 -0.025139118 9.785102
10.135 10.114 -0.0011971008 -0.015562311 9.785102
10.155 10.134 -0.01316811 -0.025139118 9.7863
10.175 10.154 -0.01316811 -0.02873042 9.77792
10.195 10.174 -0.0047884034 -0.02633622 9.77792
10.215 10.194 -0.0047884034 -0.022744916 9.781511
10.235 10.214 -0.0047884034 -0.021547815 9.781511
10.255 10.234 -0.009576807 -0.022744916 9.775525
10.274 10.254 -0.01316811 -0.029927522 9.775525
10.294 10.274 0.0047884034 -0.025139118 9.7803135
10.314 10.294 -0.0011971008 -0.020350715 9.7803135
10.334 10.314 0.007182605 -0.02633622 9.782708
10.355 10.334 -0.010773907 -0.021547815 9.7803135
10.375 10.354 -0.007182605 -0.019153614 9.779117
10.395 10.374 -0.009576807 -0.015562311 9.77792
10.415 10.394 0.009576807 -0.02633622 9.785102
10.435 10.414 0.0035913025 -0.022744916 9.788693
10.455 10.434 -0.008379706 -0.025139118 9.775525
10.475 10.454 -0.0035913025 -0.021547815 9.779117
10.495 10.474 -0.0023942017 -0.019153614 9.77792
10.515 10.494 -0.0011971008 -0.025139118 9.7803135
10.535 10.514 -0.0035913025 -0.025139118 9.783905
10.555 10.534 -0.0011971008 -0.02873042 9.7803135
10.575 10.554 0.011971008 -0.025139118 9.783905
10.595 10.574 0.011971008 -0.023942016 9.782708
10.615 10.594 -0.0047884034 -0.022744916 9.7803135
10.635 10.614 0.0023942017 -0.025139118 9.785102
10.655 10.634 0.0023942017 -0.025139118 9.775525
10.675 10.654 -0.0023942017 -0.023942016 9.781511
10.695 10.674 -0.0035913025 -0.011971008 9.781511
10.715 10.694 -0.010773907 -0.020350715 9.77792
10.735 10.714 -0.0035913025 -0.029927522 9.782708
10.755 10.734 -0.0011971008 -0.021547815 9.774328
10.775 10.754 -0.008379706 -0.017956512 9.781511
10.795 10.774 -0.0035913025 -0.021547815 9.781511
10.815 10.794 -0.0011971008 -0.022744916 9.783905
10.834 10.814 -0.0047884034 -0.019153614 9.776723
10.854 10.834 -0.0023942017 -0.019153614 9.77792
10.874 10.854 -0.0023942017 -0.023942016 9.774328
10.895 10.874 -0.0011971008 -0.02873042 9.775525
10.915 10.894 -0.0011971008 -0.023942016 9.768343
10.935 10.914 -0.011971008 -0.020350715 9.783905
10.955 10.934 -0.0011971008 -0.023942016 9.7803135
10.975 10.954 0.007182605 -0.025139118 9.773131
10.995 10.974 -0.0023942017 -0.01436521 9.779117
11.014 10.994 -0.0023942017 -0.025139118 9.781511
11.034 11.014 -0.007182605 -0.017956512 9.781511
11.054 11.034 0.007182605 -0.023942016 9.779117
11.074 11.054 0.0011971008 -0.019153614 9.776723
11.095 11.074 -0.0011971008 -0.027533319 9.7803135
11.115 11.094 -0.0023942017 -0.020350715 9.77792
11.135 11.114 -0.008379706 -0.007182605 9.7803135
11.155 11.134 -0.0047884034 -0.025139118 9.775525
11.175 11.154 0.0035913025 -0.02873042 9.775525
11.195 11.174 0.008379706 -0.02633622 9.783905
11.215 11.194 -0.011971008 -0.023942016 9.785102
11.235 11.214 -0.0035913025 -0.02633622 9.779117
11.255 11.234 -0.0011971008 -0.03232172 9.773131
11.275 11.254 0.010773907 -0.02633622 9.774328
11.295 11.274 -0.0035913025 -0.015562311 9.781511
11.315 11.294 -0.0035913025 -0.022744916 9.779117
11.335 11.314 -0.0035913025 -0.025139118 9.787497
11.355 11.334 -0.005985504 -0.02633622 9.7803135
11.375 11.354 0.0011971008 -0.031124622 9.776723
11.395 11.374 0.010773907 -0.025139118 9.776723
11.416 11.394 0.010773907 -0.023942016 9.781511
11.435 11.414 0.008379706 -0.027533319 9.776723
11.455 11.434 -0.01316811 -0.034715924 9.768343
11.475 11.454 0.0011971008 -0.025139118 9.77792
11.495 11.474 -0.01316811 -0.023942016 9.781511
11.515 11.494 -0.0035913025 -0.02633622 9.775525
11.535 11.514 0.0023942017 -0.02873042 9.774328
11.555 11.534 0.0023942017 -0.03232172 9.775525
11.575 11.554 0.0011971008 -0.025139118 9.7863
11.595 11.574 -0.005985504 -0.019153614 9.781511
11.615 11.594 -0.007182605 -0.02633622 9.792285
11.635 11.614 -0.008379706 -0.021547815 9.779117
11.655 11.634 -0.008379706 -0.029927522 9.774328
11.675 11.654 -0.0011971008 -0.029927522 9.7719345
11.695 11.674 -0.0047884034 -0.022744916 9.781511
11.715 11.694 -0.017956512 -0.015562311 9.7863
11.735 11.714 0.0047884034 -0.027533319 9.779117
11.755 11.734 -0.009576807 -0.02873042 9.774328
11.775 11.754 -0.0047884034 -0.029927522 9.770737
11.795 11.774 0.008379706 -0.031124622 9.775525
11.815 11.794 0.0035913025 -0.008379706 9.779117
11.835 11.814 -0.005985504 -0.0047884034 9.7803135
11.855 11.834 -0.0023942017 -0.025139118 9.775525
11.875 11.854 0.0023942017 -0.029927522 9.774328
11.895 11.874 -0.0023942017 -0.025139118 9.7719345
11.915 11.894 -0.009576807 -0.0047884034 9.783905
11.935 11.914 -0.0011971008 -0.023942016 9.775525
11.955 11.934 -0.011971008 -0.03232172 9.776723
11.975 11.954 0.0023942017 -0.027533319 9.77792
11.995 11.974 -0.0047884034 -0.023942016 9.779117
12.015 11.994 -0.0047884034 -0.015562311 9.7803135
12.035 12.014 0.0023942017 -0.025139118 9.774328
12.055 12.034 0.0023942017 -0.02633622 9.779117
12.075 12.054 0.0023942017 -0.02633622 9.783905
12.095 12.074 -0.007182605 -0.01316811 9.783905
12.115 12.094 -0.01316811 -0.008379706 9.785102
12.136 12.114 -0.005985504 -0.017956512 9.77792
12.155 12.134 -0.005985504 -0.02633622 9.785102
12.175 12.154 0.0011971008 -0.02873042 9.776723
12.195 12.174 0.009576807 -0.02633622 9.779117
12.215 12.194 -0.007182605 -0.023942016 9.785102
12.235 12.214 -0.007182605 -0.015562311 9.7803135
12.255 12.234 -0.005985504 -0.023942016 9.783905
12.275 12.254 0.016759412 -0.027533319 9.781511
12.295 12.274 0.005985504 -0.027533319 9.77792
12.315 12.294 -0.008379706 -0.021547815 9.782708
12.335 12.314 0.0011971008 -0.025139118 9.782708
12.355 12.334 -0.009576807 -0.021547815 9.782708
12.375 12.354 0.0011971008 -0.027533319 9.773131
12.395 12.374 -0.0011971008 -0.027533319 9.774328
12.415 12.394 -0.0035913025 -0.016759412 9.775525
12.435 12.414 -0.010773907 -0.023942016 9.7863
12.455 12.434 -0.010773907 -0.029927522 9.776723
12.475 12.454 -0.01436521 -0.031124622 9.781511
12.495 12.474 -0.007182605 -0.021547815 9.779117
12.515 12.494 -0.0011971008 -0.025139118 9.774328
12.535 12.514 -0.011971008 -0.03232172 9.776723
12.555 12.534 0.0023942017 -0.027533319 9.774328
12.575 12.554 0.005985504 -0.017956512 9.782708
12.595 12.574 -0.0047884034 -0.015562311 9.7803135
12.615 12.594 -0.010773907 -0.021547815 9.776723
12.636 12.614 -0.007182605 -0.023942016 9.779117
12.655 12.634 -0.009576807 -0.021547815 9.7719345
12.675 12.654 -0.0035913025 -0.025139118 9.773131
12.695 12.674 -0.0023942017 -0.025139118 9.77792
12.715 12.694 0.007182605 -0.02633622 9.775525
12.735 12.714 -0.0035913025 -0.02633622 9.77792
12.755 12.734 -0.0011971008 -0.025139118 9.787497
12.775 12.754 0.0023942017 -0.015562311 9.776723
12.795 12.774 -0.0035913025 -0.027533319 9.77792
12.815 12.794 -0.0023942017 -0.020350715 9.781511
12.835 12.814 0.0035913025 -0.022744916 9.779117
12.855 12.834 0.0035913025 -0.023942016 9.781511
12.875 12.854 -0.007182605 -0.025139118 9.787497
12.895 12.874 0.0011971008 -0.02873042 9.776723
12.915 12.894 0.0011971008 -0.031124622 9.770737
12.935 12.914 -0.005985504 -0.01436521 9.776723
12.955 12.934 -0.007182605 -0.016759412 9.776723
12.978 12.954 0.0047884034 -0.025139118 9.77792
12.995 12.974 0.0047884034 -0.02873042 9.7803135
13.015 12.994 -0.0023942017 -0.021547815 9.779117
13.036 13.014 -0.008379706 -0.019153614 9.776723
13.056 13.035 -0.0047884034 -0.010773907 9.779117
13.075 13.054 -0.0023942017 -0.02633622 9.77792
13.095 13.074 -0.0011971008 -0.02633622 9.776723
13.115 13.094 -0.0035913025 -0.022744916 9.77792
13.135 13.114 0.0011971008 -0.019153614 9.785102
13.155 13.134 -0.0047884034 -0.022744916 9.782708
13.175 13.154 0.009576807 -0.033518825 9.775525
13.195 13.174 0.007182605 -0.02633622 9.774328
13.215 13.194 -0.005985504 -0.021547815 9.7863
13.235 13.214 -0.015562311 -0.011971008 9.7803135
13.255 13.234 -0.005985504 -0.02873042 9.773131
13.277 13.254 0.0011971008 -0.02873042 9.785102
13.295 13.274 -0.0035913025 -0.01436521 9.77792
13.315 13.294 0.0023942017 -0.01436521 9.788693
13.335 13.314 -0.008379706 -0.021547815 9.785102
13.355 13.334 -0.0047884034 -0.02633622 9.782708
13.375 13.354 0.0035913025 -0.025139118 9.776723
13.395 13.374 -0.005985504 -0.023942016 9.787497
13.415 13.394 -0.0035913025 -0.016759412 9.779117
13.435 13.414 -0.010773907 -0.02873042 9.783905
13.455 13.434 -0.005985504 -0.029927522 9.775525
13.475 13.454 0.0011971008 -0.023942016 9.77792
13.495 13.474 0.0011971008 -0.020350715 9.785102
13.515 13.494 -0.008379706 -0.01436521 9.776723
13.535 13.514 -0.0035913025 -0.021547815 9.776723
13.555 13.534 0.007182605 -0.025139118 9.779117
13.576 13.554 -0.0047884034 -0.027533319 9.77792
13.595 13.574 0.0011971008 -0.025139118 9.785102
13.615 13.594 0.005985504 -0.025139118 9.775525
13.635 13.614 -0.009576807 -0.02633622 9.7803135
13.655 13.634 0.005985504 -0.02633622 9.776723
13.675 13.654 0.010773907 -0.023942016 9.783905
13.695 13.674 0.010773907 -0.017956512 9.77792
13.715 13.694 -0.01316811 -0.021547815 9.785102
13.735 13.714 -0.01316811 -0.029927522 9.77792
13.755 13.734 -0.005985504 -0.025139118 9.77792
13.775 13.754 0.0023942017 -0.020350715 9.783905
13.795 13.774 -0.010773907 -0.016759412 9.781511
13.815 13.794 -0.0023942017 -0.022744916 9.776723
13.835 13.814 -0.008379706 -0.029927522 9.779117
13.855 13.834 0.008379706 -0.02633622 9.785102
13.875 13.854 0.0047884034 -0.020350715 9.781511
13.895 13.874 -0.0047884034 -0.027533319 9.779117
13.915 13.894 -0.005985504 -0.025139118 9.781511
13.935 13.914 -0.0011971008 -0.023942016 9.775525
13.955 13.934 0.0011971008 -0.021547815 9.7719345
13.975 13.954 0.0023942017 -0.023942016 9.781511
13.995 13.974 0.005985504 -0.025139118 9.779117
14.015 13.994 -0.011971008 -0.016759412 9.775525
14.035 14.014 0.0011971008 -0.022744916 9.775525
14.055 14.034 0.0011971008 -0.025139118 9.783905
14.075 14.054 -0.0011971008 -0.023942016 9.775525
14.095 14.074 -0.010773907 -0.03232172 9.775525
14.115 14.094 -0.005985504 -0.023942016 9.7863
14.135 14.114 0.005985504 -0.023942016 9.781511
14.157 14.134 -0.0035913025 -0.025139118 9.783905
14.175 14.154 0.0011971008 -0.025139118 9.779117
14.195 14.174 -0.010773907 -0.027533319 9.7803135
14.215 14.194 -0.0011971008 -0.021547815 9.785102
14.235 14.214 0.0023942017 -0.02633622 9.783905
14.255 14.234 -0.0023942017 -0.031124622 9.773131
14.275 14.254 0.0011971008 -0.02633622 9.783905
14.295 14.274 -0.008379706 -0.023942016 9.779117
14.315 14.294 0.0011971008 -0.015562311 9.7719345
14.335 14.314 -0.005985504 -0.022744916 9.776723
14.355 14.334 0.009576807 -0.02633622 9.782708
14.375 14.354 -0.0023942017 -0.02633622 9.77792
14.395 14.374 0.0035913025 -0.022744916 9.774328
14.414 14.394 -0.009576807 -0.02633622 9.77792
14.435 14.414 0.005985504 -0.025139118 9.776723
14.454 14.434 0.0035913025 -0.023942016 9.77792
14.475 14.454 0.0011971008 -0.02633622 9.783905
14.495 14.474 -0.005985504 -0.02633622 9.781511
14.515 14.494 -0.01436521 -0.021547815 9.7803135
14.535 14.514 -0.0011971008 -0.01436521 9.776723
14.555 14.534 0.005985504 -0.027533319 9.776723
14.575 14.554 -0.005985504 -0.021547815 9.785102
14.595 14.574 -0.0035913025 -0.021547815 9.779117
14.615 14.594 0.0035913025 -0.023942016 9.776723
14.635 14.614 0.0011971008 -0.025139118 9.781511
14.655 14.634 0.0011971008 -0.020350715 9.782708
14.675 14.654 0.008379706 -0.023942016 9.77792
14.695 14.674 -0.0047884034 -0.02633622 9.781511
14.715 14.694 -0.0047884034 -0.016759412 9.774328
14.735 14.714 -0.0011971008 -0.019153614 9.7803135
14.755 14.734 0.0047884034 -0.02633622 9.774328
14.775 14.754 0.008379706 -0.027533319 9.77792
14.795 14.774 0.0047884034 -0.027533319 9.776723
14.815 14.794 -0.007182605 -0.019153614 9.779117
14.838 14.814 0.0011971008 -0.01436521 9.782708
14.855 14.834 -0.0035913025 -0.025139118 9.7863
14.875 14.854 -0.01436521 -0.017956512 9.781511
14.895 14.874 0.010773907 -0.025139118 9.7719345
14.915 14.894 -0.008379706 -0.031124622 9.781511
14.935 14.914 0.0035913025 -0.02633622 9.7719345
14.955 14.934 -0.0011971008 -0.021547815 9.787497
14.975 14.954 -0.015562311 -0.016759412 9.776723
14.995 14.974 -0.0023942017 -0.023942016 9.783905
15.015 14.994 0.008379706 -0.027533319 9.775525
15.035 15.014 0.0023942017 -0.025139118 9.775525
15.055 15.034 -0.0035913025 -0.016759412 9.783905
15.075 15.054 -0.011971008 -0.015562311 9.773131
15.095 15.074 0.0047884034 -0.02633622 9.776723
15.115 15.094 0.0047884034 -0.031124622 9.779117
15.137 15.114 0.0047884034 -0.016759412 9.779117
15.155 15.134 -0.009576807 -0.021547815 9.77792
15.175 15.154 -0.005985504 -0.02633622 9.782708
15.195 15.174 0.0011971008 -0.025139118 9.77792
15.215 15.194 0.007182605 -0.010773907 9.782708
15.235 15.214 0.0011971008 -0.019153614 9.779117
15.255 15.234 0.0011971008 -0.02633622 9.783905
15.275 15.254 -0.0023942017 -0.023942016 9.781511
15.295 15.274 -0.0011971008 -0.025139118 9.781511
15.315 15.294 -0.0011971008 -0.017956512 9.782708
15.335 15.314 0.0035913025 -0.016759412 9.781511
15.355 15.334 0.0011971008 -0.027533319 9.774328
15.375 15.354 -0.007182605 -0.027533319 9.782708
15.395 15.374 -0.0023942017 -0.027533319 9.775525
15.415 15.394 -0.0035913025 -0.009576807 9.781511
15.435 15.414 -0.005985504 -0.021547815 9.782708
15.455 15.434 -0.005985504 -0.02633622 9.775525
15.476 15.454 -0.007182605 -0.027533319 9.770737
15.495 15.474 -0.007182605 -0.021547815 9.781511
15.515 15.494 0.0047884034 -0.021547815 9.782708
15.535 15.514 0.0035913025 -0.025139118 9.77792
15.555 15.534 -0.0047884034 -0.017956512 9.776723
15.575 15.554 -0.008379706 -0.021547815 9.775525
15.595 15.574 -0.009576807 -0.016759412 9.7803135
15.615 15.594 -0.007182605 -0.016759412 9.7863
15.635 15.614 -0.010773907 -0.020350715 9.783905
15.655 15.634 -0.010773907 -0.031124622 9.774328
15.675 15.654 -0.010773907 -0.029927522 9.779117
15.695 15.674 0.0023942017 -0.025139118 9.781511
15.715 15.694 -0.0035913025 -0.02633622 9.7863
15.735 15.714 -0.0035913025 -0.025139118 9.775525
15.755 15.734 0.0035913025 -0.02873042 9.773131
15.775 15.754 -0.0035913025 -0.025139118 9.76954
15.795 15.774 0.007182605 -0.02633622 9.768343
15.815 15.794 -0.0047884034 -0.017956512 9.781511
15.835 15.814 -0.010773907 -0.015562311 9.7803135
15.855 15.834 -0.010773907 -0.02633622 9.77792
15.875 15.854 -0.005985504 -0.027533319 9.785102
15.895 15.874 0.005985504 -0.027533319 9.770737
15.915 15.894 -0.011971008 -0.015562311 9.779117
15.935 15.914 -0.011971008 -0.025139118 9.775525
15.955 15.934 -0.010773907 -0.016759412 9.776723
15.975 15.954 0.0023942017 -0.025139118 9.787497
15.995 15.974 -0.0047884034 -0.008379706 9.77792
16.018 15.994 -0.0035913025 -0.025139118 9.774328
16.035 16.014 0.005985504 -0.027533319 9.768343
16.055 16.034 -0.0023942017 -0.025139118 9.782708
16.075 16.054 -0.007182605 -0.022744916 9.7863
16.094 16.074 -0.0035913025 -0.025139118 9.785102
16.114 16.094 -0.0023942017 -0.02633622 9.788693
16.134 16.114 -0.0023942017 -0.027533319 9.773131
16.154 16.134 0.0011971008 -0.021547815 9.774328
16.175 16.154 0.009576807 -0.021547815 9.785102
16.195 16.174 -0.007182605 -0.01436521 9.77792
16.215 16.194 0.009576807 -0.027533319 9.779117
16.235 16.214 0.0035913025 -0.023942016 9.7719345
16.255 16.234 -0.010773907 -0.015562311 9.783905
16.275 16.254 -0.0035913025 -0.025139118 9.782708
16.295 16.274 -0.010773907 -0.02873042 9.776723
16.317 16.294 -0.005985504 -0.02873042 9.782708
16.335 16.314 -0.0023942017 -0.02633622 9.783905
16.355 16.334 -0.0011971008 -0.019153614 9.781511
16.375 16.354 -0.007182605 -0.023942016 9.783905
16.395 16.374 -0.0047884034 -0.027533319 9.7863
16.415 16.394 -0.0035913025 -0.034715924 9.781511
16.435 16.414 -0.0023942017 -0.01316811 9.782708
16.455 16.434 -0.008379706 -0.02633622 9.7803135
16.475 16.454 -0.0011971008 -0.02633622 9.774328
16.495 16.474 -0.0011971008 -0.02873042 9.781511
16.515 16.494 0.009576807 -0.025139118 9.779117
16.535 16.514 -0.0011971008 -0.015562311 9.782708
16.555 16.534 -0.007182605 -0.01436521 9.77792
16.575 16.554 -0.0023942017 -0.031124622 9.770737
16.595 16.574 0.0011971008 -0.029927522 9.7719345
16.615 16.594 -0.0047884034 -0.01316811 9.7803135
16.635 16.614 -0.0023942017 -0.008379706 9.779117
16.655 16.634 -0.01436521 -0.022744916 9.7719345
16.675 16.654 -0.008379706 -0.03232172 9.783905
16.695 16.674 0.0023942017 -0.021547815 9.773131
16.715 16.694 -0.0023942017 -0.008379706 9.783905
16.735 16.714 -0.011971008 -0.019153614 9.783905
16.755 16.734 0.0011971008 -0.029927522 9.770737
16.775 16.754 0.0047884034 -0.025139118 9.77792
16.795 16.774 -0.0047884034 -0.008379706 9.781511
16.815 16.794 -0.0047884034 -0.023942016 9.7863
16.835 16.814 -0.010773907 -0.029927522 9.781511
16.855 16.834 -0.01316811 -0.029927522 9.77792
16.875 16.854 0.0011971008 -0.023942016 9.779117
16.895 16.874 -0.0011971008 -0.011971008 9.776723
16.915 16.894 -0.011971008 -0.016759412 9.781511
16.935 16.914 -0.008379706 -0.021547815 9.76954
16.955 16.934 -0.0035913025 -0.02633622 9.774328
16.975 16.954 0.005985504 -0.023942016 9.783905
16.998 16.974 -0.010773907 -0.01316811 9.7803135
17.015 16.994 -0.005985504 -0.01436521 9.7803135
17.035 17.014 -0.01316811 -0.025139118 9.775525
17.055 17.034 0.0047884034 -0.02633622 9.782708
17.075 17.054 0.0047884034 -0.025139118 9.775525
17.095 17.074 -0.0035913025 -0.017956512 9.781511
17.115 17.094 0.0011971008 -0.025139118 9.787497
17.135 17.114 -0.010773907 -0.017956512 9.774328
17.155 17.134 -0.0011971008 -0.021547815 9.779117
17.175 17.154 -0.0047884034 -0.023942016 9.7863
17.195 17.174 0.007182605 -0.025139118 9.783905
17.215 17.194 0.0035913025 -0.019153614 9.779117
17.235 17.214 -0.01436521 -0.021547815 9.775525
17.255 17.234 -0.01436521 -0.022744916 9.7803135
17.276 17.254 0.0011971008 -0.02633622 9.77792
17.297 17.274 0.0011971008 -0.021547815 9.782708
17.315 17.294 -0.008379706 -0.02633622 9.781511
17.335 17.314 -0.0035913025 -0.027533319 9.7803135
17.355 17.334 0.007182605 -0.031124622 9.774328
17.375 17.354 0.007182605 -0.02633622 9.783905
17.395 17.374 0.0023942017 -0.019153614 9.783905
17.415 17.394 -0.015562311 -0.023942016 9.7863
17.435 17.414 -0.015562311 -0.027533319 9.773131
17.455 17.434 0.0035913025 -0.031124622 9.776723
17.475 17.454 0.009576807 -0.02633622 9.770737
17.496 17.474 -0.0011971008 -0.01316811 9.785102
17.515 17.494 -0.01316811 -0.019153614 9.785102
17.535 17.514 -0.009576807 -0.031124622 9.773131
17.555 17.534 -0.005985504 -0.033518825 9.7803135
17.575 17.554 0.0011971008 -0.020350715 9.783905
17.595 17.574 -0.007182605 -0.01436521 9.776723
17.615 17.594 -0.007182605 -0.019153614 9.774328
17.635 17.614 0.005985504 -0.031124622 9.779117
17.655 17.634 -0.0047884034 -0.025139118 9.781511
17.675 17.654 0.0035913025 -0.023942016 9.779117
17.695 17.674 -0.007182605 -0.01436521 9.773131
17.715 17.694 -0.01316811 -0.017956512 9.77792
17.735 17.714 0.005985504 -0.025139118 9.782708
17.755 17.734 0.005985504 -0.02633622 9.776723
17.775 17.754 0.005985504 -0.022744916 9.7803135
17.795 17.774 -0.021547815 -0.01436521 9.776723
17.815 17.794 -0.021547815 -0.025139118 9.781511
17.835 17.814 -0.0011971008 -0.02633622 9.779117
17.855 17.834 0.0011971008 -0.025139118 9.788693
17.875 17.854 -0.0035913025 -0.020350715 9.779117
17.895 17.874 -0.0047884034 -0.02633622 9.770737
17.915 17.894 -0.010773907 -0.027533319 9.774328
17.935 17.914 -0.005985504 -0.020350715 9.7719345
17.955 17.934 -0.005985504 -0.01316811 9.783905
17.975 17.954 -0.011971008 -0.027533319 9.7863
17.995 17.974 -0.005985504 -0.023942016 9.7803135
18.015 17.994 -0.0047884034 -0.022744916 9.775525
18.035 18.014 0.0011971008 -0.021547815 9.781511
18.055 18.034 -0.0011971008 -0.019153614 9.782708
18.075 18.054 -0.0035913025 -0.01316811 9.774328
18.095 18.074 0.0023942017 -0.031124622 9.76954
18.115 18.094 0.0023942017 -0.022744916 9.7803135
18.135 18.114 -0.0023942017 -0.01316811 9.781511
18.155 18.134 -0.0035913025 -0.01436521 9.782708
18.178 18.154 0.005985504 -0.031124622 9.779117
18.195 18.174 0.01316811 -0.02633622 9.77792
18.215 18.194 -0.0047884034 -0.019153614 9.7803135
18.235 18.214 -0.010773907 -0.021547815 9.783905
18.255 18.234 0.0011971008 -0.02873042 9.770737
18.275 18.254 -0.008379706 -0.027533319 9.775525
18.295 18.274 0.0011971008 -0.025139118 9.770737
18.315 18.294 -0.0011971008 -0.027533319 9.7863
18.335 18.314 -0.009576807 -0.017956512 9.783905
18.355 18.334 -0.01316811 -0.020350715 9.774328
18.375 18.354 -0.007182605 -0.02633622 9.77792
18.395 18.374 0.010773907 -0.023942016 9.7863
18.415 18.394 -0.0023942017 -0.017956512 9.7803135
18.435 18.414 -0.01436521 -0.020350715 9.781511
18.455 18.434 0.0011971008 -0.02633622 9.781511
18.476 18.454 -0.008379706 -0.017956512 9.775525
18.495 18.474 0.005985504 -0.023942016 9.77792
18.515 18.494 -0.009576807 -0.021547815 9.782708
18.535 18.514 -0.0023942017 -0.022744916 9.781511
18.555 18.534 -0.005985504 -0.027533319 9.76954
18.575 18.554 0.0023942017 -0.025139118 9.77792
18.595 18.574 0.0023942017 -0.023942016 9.783905
18.615 18.594 -0.007182605 -0.022744916 9.779117
18.635 18.614 -0.0011971008 -0.023942016 9.782708
18.655 18.634 0.0011971008 -0.022744916 9.77792
18.675 18.654 0.005985504 -0.021547815 9.77792
18.695 18.674 0.0047884034 -0.027533319 9.779117
18.715 18.694 -0.008379706 -0.021547815 9.781511
18.735 18.714 -0.0023942017 -0.01436521 9.77792
18.755 18.734 -0.0023942017 -0.017956512 9.776723
18.776 18.754 -0.008379706 -0.019153614 9.7719345
18.795 18.774 0.009576807 -0.025139118 9.782708
18.816 18.794 0.0035913025 -0.02633622 9.77792
18.835 18.814 -0.009576807 -0.021547815 9.779117
18.855 18.834 -0.009576807 -0.021547815 9.776723
18.875 18.854 0.0035913025 -0.029927522 9.775525
18.895 18.874 0.0035913025 -0.02873042 9.77792
18.915 18.894 -0.005985504 -0.022744916 9.77792
18.935 18.914 -0.005985504 -0.022744916 9.781511
18.955 18.934 -0.0023942017 -0.025139118 9.7863
18.975 18.954 -0.0023942017 -0.020350715 9.785102
18.995 18.974 -0.0047884034 -0.027533319 9.7803135
19.015 18.994 -0.0047884034 -0.008379706 9.785102
19.035 19.014 -0.0047884034 -0.02633622 9.781511
19.058 19.034 -0.005985504 -0.022744916 9.781511
19.075 19.054 -0.0023942017 -0.022744916 9.7803135
19.095 19.074 0.0011971008 -0.02633622 9.77792
19.115 19.094 -0.008379706 -0.017956512 9.779117
19.135 19.114 -0.010773907 -0.023942016 9.779117
19.155 19.134 -0.0035913025 -0.02633622 9.782708
19.175 19.154 -0.0011971008 -0.023942016 9.779117
19.195 19.174 -0.015562311 -0.021547815 9.7803135
19.215 19.194 -0.011971008 -0.017956512 9.779117
19.235 19.214 -0.0023942017 -0.029927522 9.785102
19.255 19.234 0.0011971008 -0.023942016 9.785102
19.275 19.254 0.0023942017 -0.025139118 9.779117
19.295 19.274 0.0011971008 -0.027533319 9.775525
19.315 19.294 0.0011971008 -0.023942016 9.775525
19.335 19.314 -0.0035913025 -0.02633622 9.7719345
19.357 19.334 -0.005985504 -0.021547815 9.7803135
19.375 19.354 -0.0023942017 -0.020350715 9.7719345
19.395 19.374 -0.0023942017 -0.022744916 9.781511
19.415 19.394 -0.005985504 -0.027533319 9.77792
19.435 19.414 0.0035913025 -0.027533319 9.76116
19.455 19.434 -0.0047884034 -0.017956512 9.774328
19.475 19.454 -0.008379706 -0.020350715 9.77792
19.495 19.474 0.0011971008 -0.02633622 9.774328
19.515 19.494 0.0047884034 -0.027533319 9.775525
19.535 19.514 -0.01316811 -0.016759412 9.774328
19.555 19.534 -0.011971008 -0.01316811 9.779117
19.575 19.554 -0.008379706 -0.02633622 9.787497
19.595 19.574 0.0023942017 -0.027533319 9.781511
19.615 19.594 -0.0035913025 -0.021547815 9.770737
19.635 19.614 0.01436521 -0.027533319 9.785102
19.658 19.634 -0.005985504 -0.025139118 9.785102
19.675 19.654 -0.005985504 -0.015562311 9.768343
19.695 19.674 -0.0035913025 -0.027533319 9.7803135
19.715 19.694 0.009576807 -0.022744916 9.773131
19.735 19.714 -0.0035913025 -0.020350715 9.781511
19.755 19.734 -0.01316811 -0.01316811 9.77792
19.775 19.754 -0.007182605 -0.017956512 9.779117
19.795 19.774 -0.0011971008 -0.02873042 9.774328
19.815 19.794 -0.0023942017 -0.025139118 9.7803135
19.835 19.814 -0.0023942017 -0.022744916 9.782708
19.855 19.834 -0.015562311 -0.015562311 9.781511
19.875 19.854 -0.016759412 -0.011971008 9.7803135
19.895 19.874 -0.008379706 -0.025139118 9.781511
19.915 19.894 -0.0023942017 -0.023942016 9.781511
19.935 19.914 -0.0047884034 -0.02633622 9.7863
19.957 19.934 -0.0047884034 -0.017956512 9.7803135
19.974 19.954 0.0047884034 -0.02873042 9.781511
19.995 19.974 0.0023942017 -0.02633622 9.77792
20.014 19.994 0.008379706 -0.025139118 9.7803135
20.034 20.014 -0.0047884034 -0.021547815 9.781511
20.054 20.034 -0.0023942017 -0.02633622 9.775525
20.075 20.054 -0.005985504 -0.025139118 9.775525
20.095 20.074 -0.0047884034 -0.015562311 9.7803135
20.115 20.094 0.0023942017 -0.02633622 9.776723
20.135 20.114 -0.007182605 -0.023942016 9.7719345
20.155 20.134 -0.0035913025 -0.011971008 9.779117
20.175 20.154 0.0011971008 -0.025139118 9.774328
20.195 20.174 0.0011971008 -0.027533319 9.774328
20.215 20.194 0.005985504 -0.021547815 9.7863
20.235 20.214 0.0011971008 -0.02873042 9.773131
20.255 20.234 -0.0023942017 -0.02873042 9.779117
20.275 20.254 -0.008379706 -0.02633622 9.782708
20.295 20.274 0.007182605 -0.025139118 9.7803135
20.315 20.294 0.0023942017 -0.021547815 9.785102
20.338 20.314 -0.007182605 -0.015562311 9.773131
20.355 20.334 -0.0035913025 -0.023942016 9.775525
20.375 20.354 0.0035913025 -0.021547815 9.776723
20.395 20.374 -0.0011971008 -0.029927522 9.7719345
20.415 20.394 -0.0035913025 -0.009576807 9.779117
20.435 20.414 -0.0035913025 -0.025139118 9.781511
20.455 20.434 -0.007182605 -0.027533319 9.775525
20.475 20.454 -0.007182605 -0.017956512 9.762358
20.495 20.474 0.010773907 -0.02633622 9.782708
20.515 20.494 0.010773907 -0.02633622 9.779117
20.535 20.514 -0.007182605 -0.021547815 9.7803135
20.555 20.534 0.0047884034 -0.02873042 9.779117
20.575 20.554 0.008379706 -0.027533319 9.779117
20.595 20.574 0.009576807 -0.023942016 9.776723
20.615 20.594 0.0035913025 -0.020350715 9.7803135
20.637 20.614 -0.005985504 -0.022744916 9.779117
20.655 20.634 -0.007182605 -0.025139118 9.775525
20.675 20.654 -0.01316811 -0.025139118 9.781511
20.695 20.674 0.0023942017 -0.01436521 9.781511
20.715 20.694 0.0023942017 -0.019153614 9.775525
20.735 20.714 -0.0047884034 -0.016759412 9.776723
20.755 20.734 0.0047884034 -0.027533319 9.77792
20.775 20.754 -0.008379706 -0.031124622 9.7719345
20.795 20.774 -0.0035913025 -0.023942016 9.776723
20.815 20.794 -0.009576807 -0.0023942017 9.776723
20.835 20.814 0.007182605 -0.023942016 9.770737
20.855 20.834 -0.017956512 -0.022744916 9.787497
20.875 20.854 -0.017956512 -0.022744916 9.781511
20.895 20.874 -0.005985504 0.0011971008 9.781511
20.915 20.894 -0.0011971008 -0.02873042 9.776723
20.935 20.914 0.0011971008 -0.038307227 9.749189
20.955 20.934 -0.0035913025 -0.038307227 9.774328
20.975 20.954 -0.016759412 0.0023942017 9.7803135
20.995 20.974 -0.017956512 -0.015562311 9.773131
21.015 20.994 -0.019153614 -0.04309563 9.770737
21.035 21.014 -0.019153614 -0.045489833 9.76954
21.055 21.034 0.005985504 -0.022744916 9.782708
21.075 21.054 -0.015562311 -0.0035913025 9.794679
21.095 21.074 -0.0047884034 -0.016759412 9.779117
21.115 21.094 0.0011971008 -0.025139118 9.7803135
21.135 21.114 0.008379706 -0.02873042 9.783905
21.155 21.134 0.005985504 -0.023942016 9.785102
21.175 21.154 -0.011971008 -0.005985504 9.7803135
21.195 21.174 -0.009576807 -0.023942016 9.773131
21.217 21.194 -0.005985504 -0.04070143 9.774328
21.235 21.214 -0.0011971008 -0.02633622 9.776723
21.255 21.234 -0.0011971008 -0.019153614 9.781511
21.275 21.254 -0.011971008 -0.019153614 9.781511
21.295 21.274 0.005985504 -0.023942016 9.781511
21.315 21.294 -0.0023942017 -0.025139118 9.775525
21.334 21.314 0.008379706 -0.022744916 9.775525
21.354 21.334 -0.005985504 -0.016759412 9.782708
21.374 21.354 -0.020350715 -0.019153614 9.785102
21.395 21.374 -0.0035913025 -0.02873042 9.781511
21.415 21.394 -0.011971008 -0.02873042 9.762358
21.435 21.414 0.0047884034 -0.019153614 9.776723
21.455 21.434 0.005985504 -0.022744916 9.787497
21.475 21.454 -0.01316811 -0.017956512 9.782708
21.495 21.474 -0.0047884034 -0.031124622 9.77792
21.517 21.494 0.0023942017 -0.02633622 9.77792
21.535 21.514 0.008379706 -0.02873042 9.774328
21.555 21.534 0.009576807 -0.025139118 9.781511
21.575 21.554 -0.015562311 -0.015562311 9.7863
21.595 21.574 -0.007182605 -0.019153614 9.773131
21.615 21.594 -0.007182605 -0.027533319 9.781511
21.635 21.614 -0.0023942017 -0.025139118 9.773131
21.655 21.634 -0.005985504 -0.020350715 9.783905
21.675 21.654 -0.0035913025 -0.022744916 9.774328
21.695 21.674 0.005985504 -0.02633622 9.781511
21.715 21.694 0.0035913025 -0.02633622 9.775525
21.735 21.714 -0.01316811 -0.020350715 9.782708
21.755 21.734 0.0011971008 -0.027533319 9.770737
21.775 21.754 -0.010773907 -0.025139118 9.7803135
21.795 21.774 -0.008379706 -0.023942016 9.776723
21.816 21.794 0.0023942017 -0.027533319 9.7863
21.835 21.814 0.0047884034 -0.020350715 9.7803135
21.855 21.834 0.0011971008 -0.022744916 9.782708
21.875 21.854 -0.009576807 -0.022744916 9.775525
21.895 21.874 -0.005985504 -0.022744916 9.774328
21.915 21.894 0.005985504 -0.022744916 9.7719345
21.935 21.914 0.005985504 -0.02633622 9.7863
21.955 21.934 -0.0035913025 -0.029927522 9.774328
21.975 21.954 -0.015562311 -0.016759412 9.776723
21.995 21.974 0.0035913025 -0.029927522 9.781511
22.015 21.994 0.0047884034 -0.027533319 9.774328
22.035 22.014 -0.0035913025 -0.021547815 9.782708
22.055 22.034 0.0035913025 -0.01316811 9.7803135
22.075 22.054 -0.009576807 -0.021547815 9.782708
22.095 22.074 0.0011971008 -0.02633622 9.773131
22.115 22.094 -0.0035913025 -0.025139118 9.7803135
22.135 22.114 -0.0035913025 -0.027533319 9.77792
22.156 22.134 -0.010773907 -0.016759412 9.779117
22.174 22.154 0.008379706 -0.023942016 9.776723
22.194 22.174 0.0011971008 -0.031124622 9.7719345
22.214 22.194 0.0011971008 -0.02633622 9.775525
22.234 22.214 -0.009576807 -0.022744916 9.785102
22.254 22.234 -0.0035913025 -0.023942016 9.764751
22.275 22.254 -0.0035913025 -0.021547815 9.779117
22.295 22.274 -0.0035913025 -0.027533319 9.774328
22.315 22.294 0.0011971008 -0.02633622 9.781511
22.335 22.314 0.0011971008 -0.022744916 9.779117
22.355 22.334 -0.009576807 -0.011971008 9.775525
22.375 22.354 -0.0011971008 -0.027533319 9.781511
22.397 22.374 -0.007182605 -0.019153614 9.783905
22.415 22.394 0.0011971008 -0.021547815 9.77792
22.435 22.414 -0.0023942017 -0.022744916 9.779117
22.455 22.434 0.0011971008 -0.021547815 9.776723
22.475 22.454 -0.005985504 -0.020350715 9.774328
22.495 22.474 -0.005985504 -0.023942016 9.783905
22.515 22.494 -0.0011971008 -0.027533319 9.776723
22.535 22.514 -0.005985504 -0.02633622 9.77792
22.555 22.534 -0.007182605 -0.025139118 9.785102
22.575 22.554 -0.005985504 -0.017956512 9.775525
22.595 22.574 -0.005985504 -0.025139118 9.774328
22.615 22.594 0.008379706 -0.02633622 9.7719345
22.635 22.614 -0.0023942017 -0.021547815 9.779117
22.655 22.634 -0.010773907 -0.01436521 9.77792
22.675 22.654 0.0047884034 -0.02873042 9.773131
22.697 22.674 0.0023942017 -0.023942016 9.781511
22.715 22.694 -0.0035913025 -0.025139118 9.774328
22.735 22.714 -0.0035913025 -0.02873042 9.7803135
22.755 22.734 0.0047884034 -0.021547815 9.779117
22.775 22.754 0.0047884034 -0.021547815 9.781511
22.795 22.774 0.0035913025 -0.02633622 9.770737
22.815 22.794 0.005985504 -0.027533319 9.779117
22.835 22.814 -0.0011971008 -0.021547815 9.781511
22.855 22.834 0.0035913025 -0.02633622 9.7863
22.875 22.854 0.0023942017 -0.023942016 9.767146
22.895 22.874 -0.0035913025 -0.023942016 9.7803135
22.915 22.894 0.0011971008 -0.02633622 9.773131
22.935 22.914 0.005985504 -0.023942016 9.770737
22.955 22.934 -0.009576807 -0.023942016 9.776723
22.975 22.954 -0.0023942017 -0.022744916 9.776723
22.995 22.974 -0.0047884034 -0.023942016 9.783905
23.015 22.994 -0.0011971008 -0.03232172 9.775525
23.035 23.014 0.0011971008 -0.023942016 9.774328
23.055 23.034 -0.0047884034 -0.021547815 9.7863
23.078 23.054 -0.007182605 -0.025139118 9.779117
23.095 23.074 -0.005985504 -0.027533319 9.773131
23.115 23.094 -0.0023942017 -0.019153614 9.776723
23.135 23.114 -0.0011971008 -0.023942016 9.77792
23.155 23.134 -0.0011971008 -0.01436521 9.783905
23.175 23.154 -0.0047884034 -0.031124622 9.785102
23.195 23.174 -0.0023942017 -0.025139118 9.7803135
23.215 23.194 -0.007182605 -0.01316811 9.776723
23.235 23.214 0.0035913025 -0.025139118 9.7803135
23.255 23.234 -0.0047884034 -0.02633622 9.775525
23.275 23.254 -0.005985504 -0.027533319 9.78989
23.295 23.274 -0.0011971008 -0.020350715 9.773131
23.315 23.294 -0.005985504 -0.020350715 9.779117
23.335 23.314 0.005985504 -0.015562311 9.773131
23.355 23.334 0.0011971008 -0.025139118 9.781511
23.377 23.354 -0.010773907 -0.025139118 9.7863
23.395 23.374 -0.008379706 -0.02873042 9.776723
23.415 23.394 -0.008379706 -0.005985504 9.7803135
23.435 23.414 -0.0011971008 -0.020350715 9.783905
23.455 23.434 -0.0011971008 -0.022744916 9.7803135
23.475 23.454 -0.0035913025 -0.02633622 9.779117
23.495 23.474 -0.0011971008 -0.027533319 9.77792
23.515 23.494 -0.005985504 -0.01436521 9.775525
23.535 23.514 -0.005985504 -0.02633622 9.7863
23.555 23.534 -0.010773907 -0.02873042 9.7719345
23.575 23.554 -0.010773907 -0.021547815 9.779117
23.595 23.574 -0.008379706 -0.021547815 9.773131
23.615 23.594 0.0011971008 -0.025139118 9.76954
23.635 23.614 -0.0023942017 -0.027533319 9.77792
23.655 23.634 -0.005985504 -0.027533319 9.7803135
23.677 23.654 0.005985504 -0.031124622 9.77792
23.695 23.674 0.0047884034 -0.023942016 9.77792
23.715 23.694 0.0011971008 -0.027533319 9.77792
23.735 23.714 -0.0023942017 -0.023942016 9.774328
23.755 23.734 -0.008379706 -0.022744916 9.7803135
23.775 23.754 0.007182605 -0.02633622 9.781511
23.795 23.774 -0.008379706 -0.017956512 9.783905
23.815 23.794 -0.0035913025 -0.02633622 9.7803135
23.835 23.814 0.0047884034 -0.031124622 9.783905
23.855 23.834 0.009576807 -0.02873042 9.787497
23.875 23.854 -0.007182605 -0.015562311 9.783905
23.895 23.874 -0.01316811 -0.020350715 9.773131
23.915 23.894 -0.010773907 -0.033518825 9.775525
23.935 23.914 -0.0035913025 -0.027533319 9.774328
23.955 23.934 -0.0047884034 -0.017956512 9.779117
23.975 23.954 -0.0011971008 -0.017956512 9.788693
23.995 23.974 -0.0011971008 -0.029927522 9.76954
24.015 23.994 -0.010773907 -0.037110128 9.768343
24.035 24.014 -0.0023942017 -0.029927522 9.775525
24.055 24.034 0.007182605 -0.005985504 9.783905
24.075 24.054 -0.009576807 -0.015562311 9.77792
24.095 24.074 -0.0023942017 -0.034715924 9.763555
24.115 24.094 -0.008379706 -0.029927522 9.774328
24.135 24.114 0.009576807 -0.019153614 9.773131
24.155 24.134 -0.0011971008 -0.015562311 9.792285
24.175 24.154 -0.007182605 -0.021547815 9.77792
24.195 24.174 -0.0047884034 -0.033518825 9.7803135
24.215 24.194 -0.0023942017 -0.029927522 9.776723
24.235 24.214 0.0035913025 -0.008379706 9.77792
24.258 24.234 -0.010773907 -0.011971008 9.783905
24.275 24.254 -0.0047884034 -0.02633622 9.775525
24.295 24.274 -0.0035913025 -0.029927522 9.7719345
24.315 24.294 -0.0035913025 -0.025139118 9.773131
24.335 24.314 -0.0035913025 -0.010773907 9.783905
24.355 24.334 -0.008379706 -0.005985504 9.7803135
24.375 24.354 -0.010773907 -0.027533319 9.782708
24.395 24.374 -0.010773907 -0.02633622 9.77792
24.415 24.394 0.005985504 -0.02633622 9.775525
24.435 24.414 0.005985504 -0.019153614 9.77792
24.455 24.434 -0.0011971008 -0.0047884034 9.785102
24.475 24.454 -0.005985504 -0.02633622 9.7803135
24.495 24.474 -0.0035913025 -0.025139118 9.779117
24.515 24.494 0.010773907 -0.023942016 9.782708
24.535 24.514 0.005985504 -0.023942016 9.77792
24.557 24.534 -0.0011971008 -0.02633622 9.77792
24.575 24.554 -0.01316811 -0.017956512 9.77792
24.595 24.574 -0.0047884034 -0.025139118 9.770737
24.615 24.594 0.009576807 -0.021547815 9.781511
24.635 24.614 0.009576807 -0.027533319 9.781511
24.655 24.634 -0.0023942017 -0.02633622 9.76954
24.675 24.654 -0.0035913025 -0.023942016 9.775525
24.695 24.674 0.0023942017 -0.025139118 9.7803135
24.715 24.694 0.010773907 -0.02633622 9.773131
24.735 24.714 -0.009576807 -0.017956512 9.779117
24.755 24.734 -0.0035913025 -0.022744916 9.781511
24.775 24.754 -0.007182605 -0.021547815 9.781511
24.795 24.774 -0.009576807 -0.021547815 9.774328
24.815 24.794 0.0023942017 -0.02873042 9.781511
24.835 24.814 -0.0023942017 -0.022744916 9.776723
24.856 24.834 -0.009576807 -0.011971008 9.782708
24.875 24.854 -0.009576807 -0.023942016 9.7803135
24.895 24.874 -0.0035913025 -0.02873042 9.77792
24.915 24.894 0.007182605 -0.02633622 9.7803135
24.935 24.914 0.0023942017 -0.021547815 9.773131
24.955 24.934 -0.005985504 -0.010773907 9.779117
24.975 24.954 -0.011971008 -0.019153614 9.788693
24.995 24.974 -0.011971008 -0.021547815 9.7719345
25.015 24.994 -0.005985504 -0.031124622 9.775525
25.035 25.014 0.0035913025 -0.023942016 9.783905
25.055 25.034 -0.0011971008 -0.016759412 9.773131
25.075 25.054 -0.01316811 -0.01436521 9.7803135
25.095 25.074 -0.008379706 -0.029927522 9.768343
25.115 25.094 0.0035913025 -0.031124622 9.770737
25.135 25.114 0.007182605 -0.025139118 9.785102
25.155 25.134 -0.009576807 -0.019153614 9.787497
25.175 25.154 -0.009576807 -0.02633622 9.77792
25.195 25.174 0.0011971008 -0.03232172 9.773131
25.215 25.194 0.0011971008 -0.025139118 9.773131
25.235 25.214 -0.008379706 -0.015562311 9.78989
25.255 25.234 -0.008379706 -0.005985504 9.779117
25.275 25.254 -0.009576807 -0.021547815 9.7719345
25.295 25.274 -0.0047884034 -0.02873042 9.77792
25.315 25.294 0.009576807 -0.025139118 9.77792
25.335 25.314 0.0047884034 -0.025139118 9.781511
25.355 25.334 -0.008379706 -0.020350715 9.776723
25.375 25.354 -0.008379706 -0.031124622 9.775525
25.395 25.374 -0.011971008 -0.02633622 9.776723
25.415 25.394 0.0047884034 -0.023942016 9.776723
25.435 25.414 -0.0035913025 -0.022744916 9.782708
25.455 25.434 0.0023942017 -0.02633622 9.768343
25.475 25.454 -0.005985504 -0.027533319 9.779117
25.496 25.474 -0.005985504 -0.027533319 9.776723
25.515 25.494 0.0047884034 -0.02633622 9.781511
25.535 25.514 0.0011971008 -0.025139118 9.776723
25.555 25.534 -0.0047884034 -0.019153614 9.7719345
25.575 25.554 -0.005985504 -0.025139118 9.785102
25.595 25.574 0.0023942017 -0.020350715 9.774328
25.615 25.594 -0.008379706 -0.01316811 9.7803135
25.635 25.614 -0.0047884034 -0.021547815 9.774328
25.655 25.634 -0.0047884034 -0.022744916 9.77792
25.675 25.654 -0.0047884034 -0.02633622 9.774328
25.695 25.674 0.0023942017 -0.022744916 9.785102
25.715 25.694 -0.0011971008 -0.010773907 9.776723
25.736 25.714 -0.01316811 -0.029927522 9.776723
25.755 25.734 -0.0011971008 -0.02633622 9.775525
25.775 25.754 0.0023942017 -0.023942016 9.782708
25.795 25.774 0.0023942017 -0.016759412 9.779117
25.815 25.794 0.0011971008 -0.02633622 9.770737
25.835 25.814 0.0011971008 -0.027533319 9.774328
25.855 25.834 -0.0023942017 -0.023942016 9.77792
25.875 25.854 -0.005985504 -0.017956512 9.779117
25.895 25.874 -0.0047884034 -0.025139118 9.779117
25.915 25.894 -0.007182605 -0.027533319 9.781511
25.935 25.914 0.0011971008 -0.029927522 9.774328
25.955 25.934 -0.0023942017 -0.02633622 9.770737
25.975 25.954 0.0023942017 -0.020350715 9.775525
25.995 25.974 0.0047884034 -0.02633622 9.776723
26.015 25.994 0.0011971008 -0.022744916 9.7803135
26.035 26.014 -0.0011971008 -0.025139118 9.779117
26.055 26.034 0.0047884034 -0.022744916 9.775525
26.075 26.054 -0.007182605 -0.016759412 9.781511
26.095 26.074 -0.007182605 -0.02633622 9.7719345
26.118 26.094 0.009576807 -0.02873042 9.774328
26.135 26.114 -0.0047884034 -0.020350715 9.776723
26.155 26.134 -0.005985504 -0.020350715 9.781511
26.174 26.154 -0.0011971008 -0.023942016 9.7803135
26.195 26.174 -0.0011971008 -0.025139118 9.76954
26.214 26.194 -0.0035913025 -0.025139118 9.783905
26.235 26.214 -0.007182605 -0.022744916 9.782708
26.255 26.234 0.011971008 -0.023942016 9.773131
26.274 26.254 0.0023942017 -0.023942016 9.7803135
26.294 26.274 -0.005985504 -0.03232172 9.774328
26.314 26.294 0.0035913025 -0.020350715 9.782708
26.334 26.314 -0.0023942017 -0.025139118 9.787497
26.354 26.334 -0.0023942017 -0.02873042 9.7719345
26.374 26.354 -0.0035913025 -0.027533319 9.781511
26.395 26.374 -0.0047884034 -0.023942016 9.783905
26.417 26.394 0.0035913025 -0.027533319 9.776723
26.435 26.414 -0.01316811 -0.01436521 9.7803135
26.455 26.434 -0.007182605 -0.021547815 9.781511
26.475 26.454 -0.007182605 -0.02633622 9.787497
26.495 26.474 -0.007182605 -0.017956512 9.783905
26.515 26.494 -0.0023942017 -0.02633622 9.77792
26.535 26.514 -0.008379706 -0.029927522 9.781511
26.555 26.534 -0.008379706 -0.027533319 9.776723
26.575 26.554 0.0011971008 -0.025139118 9.77792
26.595 26.574 0.009576807 -0.02873042 9.7719345
26.615 26.594 0.009576807 -0.02633622 9.782708
26.635 26.614 -0.0035913025 -0.027533319 9.775525
26.655 26.634 -0.0011971008 -0.021547815 9.775525
26.675 26.654 -0.005985504 -0.029927522 9.773131
26.695 26.674 0.0011971008 -0.025139118 9.781511
26.717 26.694 -0.0011971008 -0.023942016 9.782708
26.735 26.714 -0.010773907 -0.022744916 9.7803135
26.755 26.734 -0.005985504 -0.031124622 9.770737
26.775 26.754 0.008379706 -0.02633622 9.775525
26.795 26.774 0.008379706 -0.023942016 9.785102
26.815 26.794 -0.008379706 -0.025139118 9.7803135
26.835 26.814 -0.0035913025 -0.023942016 9.7803135
26.855 26.834 -0.0023942017 -0.02873042 9.775525
26.875 26.854 0.0047884034 -0.023942016 9.776723
26.895 26.874 0.0047884034 -0.021547815 9.776723
26.915 26.894 0.0011971008 -0.022744916 9.776723
26.935 26.914 0.0011971008 -0.025139118 9.779117
26.955 26.934 -0.0011971008 -0.025139118 9.765948
26.975 26.954 0.0011971008 -0.011971008 9.7719345
26.995 26.974 -0.0047884034 -0.022744916 9.77792
27.015 26.994 -0.0035913025 -0.02873042 9.773131
27.035 27.014 -0.009576807 -0.027533319 9.776723
27.055 27.034 0.0011971008 -0.027533319 9.776723
27.075 27.054 -0.0035913025 -0.02633622 9.776723
27.095 27.074 0.0047884034 -0.023942016 9.7803135
27.115 27.094 0.0047884034 -0.027533319 9.76954
27.135 27.114 -0.007182605 -0.022744916 9.775525
27.155 27.134 -0.0035913025 -0.02633622 9.774328
27.175 27.154 0.009576807 -0.023942016 9.779117
27.195 27.174 0.0011971008 -0.022744916 9.7719345
27.215 27.194 -0.009576807 -0.029927522 9.775525
27.235 27.214 -0.0023942017 -0.017956512 9.781511
27.255 27.234 0.0011971008 -0.029927522 9.773131
27.275 27.254 0.008379706 -0.022744916 9.779117
27.295 27.274 0.0035913025 -0.029927522 9.781511
27.315 27.294 -0.009576807 -0.022744916 9.782708
27.335 27.314 -0.0035913025 -0.019153614 9.785102
27.355 27.334 -0.0035913025 -0.017956512 9.774328
27.375 27.354 -0.0011971008 -0.022744916 9.781511
27.395 27.374 -0.0011971008 -0.02873042 9.775525
27.415 27.394 0.0011971008 -0.025139118 9.779117
27.435 27.414 -0.0023942017 -0.020350715 9.776723
27.455 27.434 -0.010773907 -0.017956512 9.773131
27.475 27.454 0.005985504 -0.029927522 9.770737
27.495 27.474 0.007182605 -0.023942016 9.779117
27.515 27.494 -0.008379706 -0.017956512 9.781511
27.535 27.514 0.0035913025 -0.022744916 9.77792
27.555 27.534 0.0023942017 -0.02633622 9.7803135
27.575 27.554 -0.0011971008 -0.021547815 9.773131
27.596 27.574 -0.008379706 -0.020350715 9.775525
27.615 27.594 0.0035913025 -0.019153614 9.765948
27.635 27.614 -0.01316811 -0.019153614 9.768343
27.655 27.634 -0.0023942017 -0.02633622 9.779117
27.675 27.654 -0.0023942017 -0.023942016 9.779117
27.695 27.674 -0.0023942017 -0.022744916 9.782708
27.715 27.694 0.0023942017 -0.025139118 9.77792
27.735 27.714 -0.010773907 -0.02633622 9.7863
27.755 27.734 -0.010773907 -0.025139118 9.781511
27.775 27.754 0.009576807 -0.023942016 9.781511
27.795 27.774 0.0023942017 -0.023942016 9.76954
27.815 27.794 0.0023942017 -0.02873042 9.775525
27.835 27.814 -0.0047884034 -0.02633622 9.7719345
27.855 27.834 -0.007182605 -0.025139118 9.773131
27.875 27.854 0.009576807 -0.020350715 9.774328
27.896 27.874 0.0023942017 -0.025139118 9.781511
27.915 27.894 -0.008379706 -0.01316811 9.774328
27.935 27.914 -0.0035913025 -0.023942016 9.774328
27.955 27.934 -0.0047884034 -0.020350715 9.77792
27.975 27.954 0.0011971008 -0.02633622 9.779117
27.995 27.974 -0.0011971008 -0.021547815 9.776723
28.015 27.994 0.0023942017 -0.02633622 9.77792
28.035 28.014 -0.0047884034 -0.021547815 9.77792
28.055 28.034 -0.010773907 -0.01316811 9.776723
28.075 28.054 -0.0023942017 -0.02633622 9.77792
28.095 28.074 -0.0035913025 -0.031124622 9.773131
28.115 28.094 0.0023942017 -0.023942016 9.77792
28.136 28.114 -0.005985504 -0.017956512 9.774328
28.155 28.134 -0.005985504 -0.016759412 9.7803135
28.178 28.154 0.0011971008 -0.02633622 9.7803135
28.195 28.174 0.0023942017 -0.023942016 9.77792
28.215 28.194 0.0023942017 -0.025139118 9.785102
28.235 28.214 -0.009576807 -0.016759412 9.783905
28.255 28.234 -0.005985504 -0.019153614 9.785102
28.275 28.254 -0.009576807 -0.01316811 9.77792
28.295 28.274 0.0035913025 -0.027533319 9.77792
28.315 28.294 -0.0035913025 -0.02633622 9.775525
28.335 28.314 -0.01436521 -0.01316811 9.782708
28.355 28.334 -0.0011971008 -0.023942016 9.775525
28.375 28.354 0.007182605 -0.02633622 9.788693
28.395 28.374 -0.009576807 -0.016759412 9.77792
28.414 28.394 -0.009576807 -0.02633622 9.76954
28.435 28.414 0.0047884034 -0.025139118 9.783905
28.454 28.434 0.0047884034 -0.021547815 9.768343
28.474 28.454 -0.0047884034 -0.02873042 9.776723
28.494 28.474 0.0035913025 -0.025139118 9.770737
28.514 28.494 0.0011971008 -0.021547815 9.7803135
28.535 28.514 -0.005985504 -0.020350715 9.783905
28.555 28.534 -0.008379706 -0.027533319 9.77792
28.575 28.554 0.007182605 -0.02633622 9.781511
28.595 28.574 0.007182605 -0.021547815 9.779117
28.615 28.594 -0.01316811 -0.017956512 9.781511
28.635 28.614 0.0023942017 -0.022744916 9.774328
28.655 28.634 0.0023942017 -0.025139118 9.7719345
28.675 28.654 -0.0047884034 -0.02633622 9.782708
28.695 28.674 -0.0047884034 -0.021547815 9.7719345
28.716 28.694 0.0023942017 -0.021547815 9.77792
28.735 28.714 0.0023942017 -0.025139118 9.76954
28.755 28.734 0.0023942017 -0.025139118 9.776723
28.775 28.754 -0.007182605 -0.021547815 9.779117
28.795 28.774 -0.0023942017 -0.015562311 9.7803135
28.815 28.794 -0.005985504 -0.022744916 9.779117
28.836 28.814 -0.0023942017 -0.02873042 9.776723
28.855 28.834 -0.0011971008 -0.023942016 9.782708
28.875 28.854 -0.0011971008 -0.027533319 9.7803135
28.895 28.874 -0.0011971008 -0.02633622 9.781511
28.915 28.894 0.008379706 -0.025139118 9.782708
28.935 28.914 -0.005985504 -0.022744916 9.776723
28.955 28.934 0.0023942017 -0.022744916 9.7803135
28.975 28.954 -0.0023942017 -0.02633622 9.7803135
28.995 28.974 -0.005985504 -0.02633622 9.779117
29.015 28.994 0.005985504 -0.020350715 9.783905
29.035 29.014 0.007182605 -0.02633622 9.77792
29.055 29.034 -0.0023942017 -0.025139118 9.785102
29.075 29.054 0.0047884034 -0.02633622 9.77792
29.095 29.074 -0.0011971008 -0.017956512 9.775525
29.115 29.094 0.0035913025 -0.027533319 9.7803135
29.135 29.114 0.0023942017 -0.025139118 9.775525
29.155 29.134 -0.0011971008 -0.015562311 9.779117
29.175 29.154 -0.0011971008 -0.01436521 9.781511
29.195 29.174 -0.0011971008 -0.025139118 9.783905
29.215 29.194 -0.005985504 -0.027533319 9.77792
29.235 29.214 -0.005985504 -0.022744916 9.782708
29.255 29.234 -0.0035913025 -0.027533319 9.788693
29.275 29.254 -0.0035913025 -0.023942016 9.7803135
29.295 29.274 -0.007182605 -0.022744916 9.785102
29.315 29.294 0.0047884034 -0.025139118 9.785102
29.335 29.314 0.0023942017 -0.027533319 9.765948
29.355 29.334 -0.01436521 -0.01316811 9.7803135
29.375 29.354 -0.0023942017 -0.023942016 9.76954
29.395 29.374 0.007182605 -0.025139118 9.7803135
29.415 29.394 0.0023942017 -0.02633622 9.773131
29.435 29.414 0.0023942017 -0.027533319 9.779117
29.455 29.434 0.008379706 -0.023942016 9.782708
29.475 29.454 0.005985504 -0.02633622 9.774328
29.495 29.474 -0.0011971008 -0.025139118 9.774328
29.515 29.494 -0.0011971008 -0.02633622 9.783905
29.535 29.514 -0.0011971008 -0.021547815 9.775525
29.555 29.534 0.0023942017 -0.029927522 9.774328
29.575 29.554 0.007182605 -0.022744916 9.775525
29.595 29.574 0.0011971008 -0.023942016 9.782708
29.615 29.594 -0.007182605 -0.025139118 9.779117
29.635 29.614 -0.007182605 -0.02633622 9.773131
29.655 29.634 -0.0023942017 -0.022744916 9.77792
29.675 29.654 -0.0047884034 -0.025139118 9.7803135
29.695 29.674 0.0011971008 -0.025139118 9.787497
29.715 29.694 0.0047884034 -0.022744916 9.776723
29.735 29.714 -0.009576807 -0.010773907 9.779117
29.756 29.734 -0.0023942017 -0.025139118 9.781511
29.775 29.754 -0.0035913025 -0.017956512 9.7863
29.795 29.774 -0.005985504 -0.015562311 9.773131
29.815 29.794 -0.0023942017 -0.016759412 9.783905
29.835 29.814 -0.0023942017 -0.029927522 9.779117
29.855 29.834 -0.005985504 -0.023942016 9.781511
29.875 29.854 -0.0023942017 -0.016759412 9.781511
29.895 29.874 -0.010773907 -0.019153614 9.7803135
29.915 29.894 -0.0011971008 -0.027533319 9.77792
29.935 29.914 -0.010773907 -0.019153614 9.77792
29.955 29.934 -0.0023942017 -0.02873042 9.7803135
29.975 29.954 0.0047884034 -0.02633622 9.785102
29.995 29.974 0.0047884034 -0.025139118 9.783905
30.015 29.994 -0.011971008 -0.01436521 9.779117
30.035 30.014 -0.0011971008 -0.015562311 9.779117
30.055 30.034 -0.0011971008 -0.017956512 9.783905
30.075 30.054 -0.01316811 -0.017956512 9.781511
30.095 30.074 -0.010773907 -0.02873042 9.774328
30.115 30.094 -0.0035913025 -0.022744916 9.776723
30.135 30.114 0.0047884034 -0.02873042 9.783905
30.155 30.134 0.0023942017 -0.025139118 9.775525
30.175 30.154 -0.008379706 -0.025139118 9.782708
30.195 30.174 0.0035913025 -0.02633622 9.77792
30.215 30.194 0.0047884034 -0.023942016 9.7719345
30.235 30.214 -0.0023942017 -0.021547815 9.779117
30.255 30.234 0.0035913025 -0.027533319 9.7863
30.275 30.254 -0.0047884034 -0.022744916 9.770737
30.295 30.274 -0.0011971008 -0.023942016 9.779117
30.315 30.294 0.0023942017 -0.022744916 9.782708
30.335 30.314 -0.0023942017 -0.02633622 9.776723
30.355 30.334 -0.0011971008 -0.02633622 9.783905
30.375 30.354 0.0023942017 -0.02633622 9.774328
30.395 30.374 -0.0023942017 -0.02633622 9.779117
30.415 30.394 0.005985504 -0.027533319 9.783905
30.435 30.414 -0.0011971008 -0.027533319 9.7803135
30.455 30.434 -0.0047884034 -0.019153614 9.77792
30.475 30.454 -0.0047884034 -0.025139118 9.775525
30.495 30.474 -0.0023942017 -0.022744916 9.775525
30.515 30.494 0.0011971008 -0.022744916 9.779117
30.535 30.514 -0.008379706 -0.015562311 9.781511
30.555 30.534 -0.0035913025 -0.021547815 9.7719345
30.575 30.554 0.0035913025 -0.025139118 9.7719345
30.595 30.574 -0.005985504 -0.017956512 9.781511
30.615 30.594 0.0047884034 -0.025139118 9.7803135
30.635 30.614 -0.0011971008 -0.02873042 9.776723
30.655 30.634 -0.009576807 -0.03232172 9.755175
30.674 30.654 -0.0035913025 -0.023942016 9.776723
30.694 30.674 -0.0035913025 -0.025139118 9.775525
30.714 30.694 -0.007182605 -0.017956512 9.77792
30.734 30.714 -0.009576807 -0.023942016 9.781511
30.754 30.734 -0.0011971008 -0.029927522 9.770737
30.774 30.754 0.0023942017 -0.022744916 9.76954
