magnetometer.txt

All values are in micro-Tesla (uT). Factory calibration and temperature compensation are applied to this measurement
http://developer.android.com/guide/topics/sensors/sensors_overview.html

elapsed-time-system elapsed-time-sensor x y z estimated-bias-x estimated-bias-y estimated-bias-z
0.061 0.045 -30.599998 -221.6 -43.6 -44.8 -233.6 -14.7
0.110 0.065 -30.599998 -221.6 -43.6 -44.8 -233.6 -14.7
0.110 0.085 -30.599998 -221.6 -43.6 -44.8 -233.6 -14.7
0.110 0.105 -26.9 -264.4 -143.8 -44.8 -233.6 -14.7
0.135 0.125 -26.9 -264.4 -143.5 -44.8 -233.6 -14.7
0.146 0.145 -26.8 -264.5 -143.9 -44.8 -233.6 -14.7
0.166 0.165 -26.8 -264.5 -143.9 -44.8 -233.6 -14.7
0.186 0.185 -26.8 -264.5 -143.9 -44.8 -233.6 -14.7
0.206 0.205 -26.699999 -264.30002 -144.0 -44.8 -233.6 -14.7
0.226 0.225 -26.8 -264.30002 -143.9 -44.8 -233.6 -14.7
0.246 0.245 -26.8 -264.30002 -144.0 -44.8 -233.6 -14.7
0.267 0.265 -26.8 -264.30002 -144.09999 -44.8 -233.6 -14.7
0.286 0.285 -26.8 -264.30002 -144.09999 -44.8 -233.6 -14.7
0.306 0.305 -26.8 -264.30002 -144.09999 -44.8 -233.6 -14.7
0.326 0.325 -26.8 -264.30002 -144.09999 -44.8 -233.6 -14.7
0.346 0.345 -26.8 -264.30002 -144.09999 -44.8 -233.6 -14.7
0.367 0.365 -26.8 -264.30002 -144.0 -44.8 -233.6 -14.7
0.386 0.385 -26.8 -264.30002 -144.09999 -44.8 -233.6 -14.7
0.406 0.405 -26.8 -264.2 -144.09999 -44.8 -233.6 -14.7
0.426 0.425 -26.8 -264.2 -144.0 -44.8 -233.6 -14.7
0.446 0.445 -26.699999 -264.2 -144.0 -44.8 -233.6 -14.7
0.471 0.465 -26.699999 -264.2 -144.0 -44.8 -233.6 -14.7
0.498 0.485 -26.699999 -264.2 -144.09999 -44.8 -233.6 -14.7
0.506 0.505 -26.8 -264.2 -144.0 -44.8 -233.6 -14.7
0.526 0.525 -26.8 -264.2 -144.09999 -44.8 -233.6 -14.7
0.546 0.545 -26.699999 -264.2 -144.09999 -44.8 -233.6 -14.7
0.566 0.565 -26.699999 -264.2 -144.09999 -44.8 -233.6 -14.7
0.586 0.585 -26.8 -264.30002 -144.09999 -44.8 -233.6 -14.7
0.605 0.605 -26.8 -264.30002 -144.09999 -44.8 -233.6 -14.7
0.626 0.625 -26.699999 -264.2 -144.09999 -44.8 -233.6 -14.7
0.646 0.645 -26.699999 -264.2 -144.09999 -44.8 -233.6 -14.7
0.666 0.665 -26.699999 -264.2 -144.09999 -44.8 -233.6 -14.7
0.686 0.685 -26.699999 -264.30002 -144.0 -44.8 -233.6 -14.7
0.706 0.705 -26.699999 -264.30002 -144.0 -44.8 -233.6 -14.7
0.726 0.725 -26.699999 -264.30002 -144.0 -44.8 -233.6 -14.7
0.746 0.745 -26.699999 -264.30002 -144.0 -44.8 -233.6 -14.7
0.766 0.765 -26.699999 -264.30002 -144.0 -44.8 -233.6 -14.7
0.786 0.785 -26.699999 -264.30002 -144.0 -44.8 -233.6 -14.7
0.806 0.805 -26.699999 -264.30002 -144.0 -44.8 -233.6 -14.7
0.826 0.825 -26.699999 -264.2 -144.0 -44.8 -233.6 -14.7
0.846 0.845 -26.699999 -264.30002 -144.0 -44.8 -233.6 -14.7
0.867 0.865 -26.699999 -264.2 -144.0 -44.8 -233.6 -14.7
0.887 0.885 -26.699999 -264.2 -144.0 -44.8 -233.6 -14.7
0.907 0.905 -26.699999 -264.2 -144.0 -44.8 -233.6 -14.7
0.927 0.925 -26.8 -264.2 -144.0 -44.8 -233.6 -14.7
0.947 0.945 -26.8 -264.2 -144.0 -44.8 -233.6 -14.7
0.967 0.965 -26.8 -264.2 -144.0 -44.8 -233.6 -14.7
0.987 0.985 -26.8 -264.2 -144.0 -44.8 -233.6 -14.7
1.007 1.005 -26.699999 -264.30002 -143.9 -44.8 -233.6 -14.7
1.027 1.025 -26.8 -264.30002 -144.0 -44.8 -233.6 -14.7
1.050 1.045 -26.8 -264.30002 -144.0 -44.8 -233.6 -14.7
1.067 1.065 -26.8 -264.30002 -143.9 -44.8 -233.6 -14.7
1.087 1.085 -26.8 -264.30002 -143.9 -44.8 -233.6 -14.7
1.107 1.105 -26.8 -264.2 -143.9 -44.8 -233.6 -14.7
1.127 1.125 -26.8 -264.2 -143.9 -44.8 -233.6 -14.7
1.146 1.145 -26.8 -264.2 -143.8 -44.8 -233.6 -14.7
1.167 1.165 -26.8 -264.2 -143.8 -44.8 -233.6 -14.7
1.187 1.185 -26.8 -264.2 -143.9 -44.8 -233.6 -14.7
1.206 1.205 -26.8 -264.2 -143.9 -44.8 -233.6 -14.7
1.227 1.225 -26.8 -264.2 -143.9 -44.8 -233.6 -14.7
1.247 1.245 -26.9 -264.2 -143.9 -44.8 -233.6 -14.7
1.267 1.265 -26.9 -264.2 -143.9 -44.8 -233.6 -14.7
1.287 1.285 -26.9 -264.2 -144.0 -44.8 -233.6 -14.7
1.307 1.305 -26.8 -264.2 -144.0 -44.8 -233.6 -14.7
1.327 1.325 -26.8 -264.2 -144.0 -44.8 -233.6 -14.7
1.349 1.345 -26.8 -264.2 -144.0 -44.8 -233.6 -14.7
1.367 1.365 -26.8 -264.2 -144.0 -44.8 -233.6 -14.7
1.387 1.385 -26.8 -264.2 -144.09999 -44.8 -233.6 -14.7
1.407 1.405 -26.8 -264.2 -144.0 -44.8 -233.6 -14.7
1.427 1.425 -26.8 -264.2 -144.09999 -44.8 -233.6 -14.7
1.447 1.445 -26.8 -264.30002 -144.0 -44.8 -233.6 -14.7
1.467 1.465 -26.9 -264.30002 -144.0 -44.8 -233.6 -14.7
1.487 1.485 -26.8 -264.30002 -144.0 -44.8 -233.6 -14.7
1.507 1.505 -26.8 -264.30002 -144.0 -44.8 -233.6 -14.7
1.527 1.525 -26.8 -264.30002 -144.0 -44.8 -233.6 -14.7
1.547 1.545 -26.8 -264.30002 -144.0 -44.8 -233.6 -14.7
1.567 1.565 -26.8 -264.30002 -144.0 -44.8 -233.6 -14.7
1.587 1.585 -26.9 -264.30002 -144.0 -44.8 -233.6 -14.7
1.607 1.605 -26.9 -264.30002 -144.09999 -44.8 -233.6 -14.7
1.627 1.625 -26.9 -264.30002 -144.09999 -44.8 -233.6 -14.7
1.648 1.645 -26.9 -264.30002 -144.09999 -44.8 -233.6 -14.7
1.667 1.665 -26.8 -264.30002 -144.09999 -44.8 -233.6 -14.7
1.687 1.685 -26.8 -264.4 -144.2 -44.8 -233.6 -14.7
1.707 1.705 -26.8 -264.4 -144.2 -44.8 -233.6 -14.7
1.727 1.725 -26.8 -264.4 -144.3 -44.8 -233.6 -14.7
1.747 1.745 -26.8 -264.4 -144.2 -44.8 -233.6 -14.7
1.767 1.765 -26.8 -264.4 -144.2 -44.8 -233.6 -14.7
1.787 1.785 -26.8 -264.4 -144.2 -44.8 -233.6 -14.7
1.806 1.805 -26.8 -264.4 -144.09999 -44.8 -233.6 -14.7
1.826 1.825 -26.9 -264.4 -144.09999 -44.8 -233.6 -14.7
1.846 1.845 -26.9 -264.4 -144.2 -44.8 -233.6 -14.7
1.866 1.865 -26.8 -264.4 -144.2 -44.8 -233.6 -14.7
1.886 1.885 -26.8 -264.4 -144.09999 -44.8 -233.6 -14.7
1.906 1.905 -26.8 -264.4 -144.2 -44.8 -233.6 -14.7
1.927 1.925 -26.8 -264.4 -144.2 -44.8 -233.6 -14.7
1.947 1.945 -26.8 -264.4 -144.2 -44.8 -233.6 -14.7
1.967 1.965 -26.9 -264.4 -144.2 -44.8 -233.6 -14.7
1.987 1.985 -26.8 -264.4 -144.2 -44.8 -233.6 -14.7
2.007 2.005 -26.8 -264.4 -144.2 -44.8 -233.6 -14.7
2.027 2.025 -26.8 -264.4 -144.09999 -44.8 -233.6 -14.7
2.046 2.045 -26.8 -264.4 -144.09999 -44.8 -233.6 -14.7
2.067 2.065 -26.8 -264.4 -144.2 -44.8 -233.6 -14.7
2.087 2.085 -26.8 -264.4 -144.2 -44.8 -233.6 -14.7
2.107 2.105 -26.8 -264.4 -144.3 -44.8 -233.6 -14.7
2.129 2.125 -26.8 -264.4 -144.3 -44.8 -233.6 -14.7
2.147 2.145 -26.8 -264.4 -144.3 -44.8 -233.6 -14.7
2.168 2.165 -26.8 -264.4 -144.3 -44.8 -233.6 -14.7
2.187 2.185 -26.699999 -264.4 -144.3 -44.8 -233.6 -14.7
2.207 2.205 -26.699999 -264.30002 -144.2 -44.8 -233.6 -14.7
2.229 2.225 -26.699999 -264.30002 -144.2 -44.8 -233.6 -14.7
2.247 2.245 -26.699999 -264.30002 -144.2 -44.8 -233.6 -14.7
2.267 2.265 -26.699999 -264.30002 -144.09999 -44.8 -233.6 -14.7
2.287 2.285 -26.699999 -264.30002 -144.0 -44.8 -233.6 -14.7
2.306 2.305 -26.699999 -264.30002 -144.0 -44.8 -233.6 -14.7
2.327 2.325 -26.8 -264.4 -144.0 -44.8 -233.6 -14.7
2.347 2.345 -26.8 -264.4 -144.0 -44.8 -233.6 -14.7
2.367 2.365 -26.8 -264.4 -144.0 -44.8 -233.6 -14.7
2.387 2.385 -26.8 -264.4 -144.0 -44.8 -233.6 -14.7
2.407 2.405 -26.8 -264.4 -144.0 -44.8 -233.6 -14.7
2.427 2.425 -26.8 -264.4 -144.09999 -44.8 -233.6 -14.7
2.447 2.445 -26.8 -264.4 -144.0 -44.8 -233.6 -14.7
2.467 2.465 -26.8 -264.4 -144.0 -44.8 -233.6 -14.7
2.487 2.485 -26.8 -264.4 -143.9 -44.8 -233.6 -14.7
2.507 2.505 -26.8 -264.4 -143.9 -44.8 -233.6 -14.7
2.529 2.525 -26.8 -264.4 -143.8 -44.8 -233.6 -14.7
2.547 2.545 -26.9 -264.4 -143.8 -44.8 -233.6 -14.7
2.567 2.565 -26.9 -264.4 -143.8 -44.8 -233.6 -14.7
2.586 2.585 -26.9 -264.4 -143.9 -44.8 -233.6 -14.7
2.607 2.605 -26.9 -264.4 -143.8 -44.8 -233.6 -14.7
2.627 2.625 -26.9 -264.4 -143.9 -44.8 -233.6 -14.7
2.647 2.645 -26.9 -264.4 -143.8 -44.8 -233.6 -14.7
2.667 2.665 -26.9 -264.30002 -143.8 -44.8 -233.6 -14.7
2.686 2.685 -26.9 -264.30002 -143.8 -44.8 -233.6 -14.7
2.707 2.705 -26.9 -264.30002 -143.7 -44.8 -233.6 -14.7
2.727 2.725 -26.9 -264.30002 -143.8 -44.8 -233.6 -14.7
2.747 2.745 -26.8 -264.30002 -143.8 -44.8 -233.6 -14.7
2.767 2.765 -26.8 -264.30002 -143.8 -44.8 -233.6 -14.7
2.786 2.785 -26.9 -264.30002 -143.7 -44.8 -233.6 -14.7
2.806 2.805 -26.8 -264.4 -143.7 -44.8 -233.6 -14.7
2.828 2.825 -26.8 -264.30002 -143.7 -44.8 -233.6 -14.7
2.847 2.845 -26.9 -264.30002 -143.8 -44.8 -233.6 -14.7
2.867 2.865 -26.9 -264.30002 -143.8 -44.8 -233.6 -14.7
2.887 2.885 -26.9 -264.30002 -143.8 -44.8 -233.6 -14.7
2.907 2.905 -26.9 -264.4 -143.9 -44.8 -233.6 -14.7
2.927 2.925 -26.9 -264.30002 -143.8 -44.8 -233.6 -14.7
2.947 2.945 -26.8 -264.30002 -143.8 -44.8 -233.6 -14.7
2.967 2.965 -26.8 -264.30002 -143.8 -44.8 -233.6 -14.7
2.987 2.985 -26.8 -264.30002 -143.7 -44.8 -233.6 -14.7
3.007 3.005 -26.8 -264.30002 -143.7 -44.8 -233.6 -14.7
3.028 3.025 -26.8 -264.30002 -143.7 -44.8 -233.6 -14.7
3.047 3.045 -26.8 -264.30002 -143.8 -44.8 -233.6 -14.7
3.067 3.065 -26.8 -264.30002 -143.8 -44.8 -233.6 -14.7
3.086 3.085 -26.8 -264.30002 -143.8 -44.8 -233.6 -14.7
3.106 3.105 -26.8 -264.30002 -143.8 -44.8 -233.6 -14.7
3.127 3.125 -26.8 -264.30002 -143.8 -44.8 -233.6 -14.7
3.147 3.145 -26.8 -264.30002 -143.8 -44.8 -233.6 -14.7
3.167 3.165 -26.699999 -264.2 -143.7 -44.8 -233.6 -14.7
3.187 3.185 -26.699999 -264.30002 -143.7 -44.8 -233.6 -14.7
3.207 3.205 -26.699999 -264.30002 -143.7 -44.8 -233.6 -14.7
3.227 3.225 -26.599998 -264.2 -143.7 -44.8 -233.6 -14.7
3.247 3.245 -26.599998 -264.2 -143.7 -44.8 -233.6 -14.7
3.267 3.265 -26.699999 -264.30002 -143.7 -44.8 -233.6 -14.7
3.287 3.285 -26.699999 -264.30002 -143.7 -44.8 -233.6 -14.7
3.307 3.305 -26.599998 -264.30002 -143.7 -44.8 -233.6 -14.7
3.328 3.325 -26.599998 -264.30002 -143.59999 -44.8 -233.6 -14.7
3.347 3.345 -26.599998 -264.30002 -143.59999 -44.8 -233.6 -14.7
3.367 3.365 -26.699999 -264.30002 -143.59999 -44.8 -233.6 -14.7
3.387 3.385 -26.699999 -264.30002 -143.59999 -44.8 -233.6 -14.7
3.410 3.405 -26.699999 -264.30002 -143.59999 -44.8 -233.6 -14.7
3.427 3.425 -26.699999 -264.30002 -143.59999 -44.8 -233.6 -14.7
3.447 3.445 -26.699999 -264.30002 -143.59999 -44.8 -233.6 -14.7
3.466 3.465 -26.699999 -264.30002 -143.59999 -44.8 -233.6 -14.7
3.487 3.485 -26.699999 -264.30002 -143.59999 -44.8 -233.6 -14.7
3.507 3.505 -26.599998 -264.30002 -143.59999 -44.8 -233.6 -14.7
3.527 3.525 -26.599998 -264.30002 -143.59999 -44.8 -233.6 -14.7
3.547 3.545 -26.699999 -264.30002 -143.59999 -44.8 -233.6 -14.7
3.567 3.565 -26.699999 -264.30002 -143.59999 -44.8 -233.6 -14.7
3.587 3.585 -26.699999 -264.30002 -143.59999 -44.8 -233.6 -14.7
3.607 3.605 -26.699999 -264.30002 -143.59999 -44.8 -233.6 -14.7
3.626 3.625 -26.699999 -264.30002 -143.59999 -44.8 -233.6 -14.7
3.647 3.645 -26.699999 -264.4 -143.59999 -44.8 -233.6 -14.7
3.667 3.665 -26.699999 -264.30002 -143.5 -44.8 -233.6 -14.7
3.687 3.685 -26.699999 -264.4 -143.59999 -44.8 -233.6 -14.7
3.709 3.705 -26.599998 -264.4 -143.59999 -44.8 -233.6 -14.7
3.727 3.725 -26.599998 -264.4 -143.7 -44.8 -233.6 -14.7
3.747 3.745 -26.699999 -264.4 -143.7 -44.8 -233.6 -14.7
3.767 3.765 -26.699999 -264.5 -143.7 -44.8 -233.6 -14.7
3.787 3.785 -26.699999 -264.5 -143.8 -44.8 -233.6 -14.7
3.806 3.805 -26.599998 -264.5 -143.7 -44.8 -233.6 -14.7
3.827 3.825 -26.699999 -264.5 -143.7 -44.8 -233.6 -14.7
3.847 3.845 -26.699999 -264.5 -143.8 -44.8 -233.6 -14.7
3.866 3.865 -26.699999 -264.5 -143.8 -44.8 -233.6 -14.7
3.887 3.885 -26.8 -264.5 -143.8 -44.8 -233.6 -14.7
3.907 3.905 -26.699999 -264.5 -143.9 -44.8 -233.6 -14.7
3.927 3.925 -26.699999 -264.5 -143.9 -44.8 -233.6 -14.7
3.947 3.945 -26.699999 -264.5 -143.9 -44.8 -233.6 -14.7
3.967 3.965 -26.699999 -264.5 -143.9 -44.8 -233.6 -14.7
3.987 3.985 -26.699999 -264.5 -144.0 -44.8 -233.6 -14.7
4.008 4.005 -26.699999 -264.5 -144.0 -44.8 -233.6 -14.7
4.027 4.025 -26.8 -264.5 -143.9 -44.8 -233.6 -14.7
4.047 4.045 -26.699999 -264.5 -144.0 -44.8 -233.6 -14.7
4.067 4.065 -26.8 -264.5 -143.9 -44.8 -233.6 -14.7
4.088 4.086 -26.699999 -264.5 -144.0 -44.8 -233.6 -14.7
4.107 4.105 -26.699999 -264.5 -144.0 -44.8 -233.6 -14.7
4.127 4.125 -26.8 -264.5 -144.09999 -44.8 -233.6 -14.7
4.147 4.145 -26.699999 -264.5 -144.0 -44.8 -233.6 -14.7
4.167 4.165 -26.8 -264.5 -144.0 -44.8 -233.6 -14.7
4.187 4.185 -26.8 -264.5 -144.0 -44.8 -233.6 -14.7
4.207 4.205 -26.8 -264.5 -144.0 -44.8 -233.6 -14.7
4.227 4.225 -26.8 -264.5 -144.0 -44.8 -233.6 -14.7
4.247 4.245 -26.8 -264.5 -144.0 -44.8 -233.6 -14.7
4.267 4.265 -26.8 -264.5 -144.09999 -44.8 -233.6 -14.7
4.287 4.285 -26.9 -264.5 -144.0 -44.8 -233.6 -14.7
4.307 4.305 -26.9 -264.5 -144.0 -44.8 -233.6 -14.7
4.327 4.325 -26.9 -264.5 -144.0 -44.8 -233.6 -14.7
4.347 4.345 -26.9 -264.4 -143.9 -44.8 -233.6 -14.7
4.367 4.365 -26.9 -264.4 -143.9 -44.8 -233.6 -14.7
4.387 4.385 -26.9 -264.4 -143.8 -44.8 -233.6 -14.7
4.406 4.405 -26.9 -264.4 -143.9 -44.8 -233.6 -14.7
4.427 4.425 -26.9 -264.4 -143.9 -44.8 -233.6 -14.7
4.447 4.445 -26.8 -264.4 -143.9 -44.8 -233.6 -14.7
4.467 4.465 -26.8 -264.4 -143.9 -44.8 -233.6 -14.7
4.486 4.485 -26.8 -264.4 -143.9 -44.8 -233.6 -14.7
4.506 4.505 -26.9 -264.4 -143.9 -44.8 -233.6 -14.7
4.527 4.525 -26.8 -264.4 -143.9 -44.8 -233.6 -14.7
4.547 4.545 -26.8 -264.5 -143.8 -44.8 -233.6 -14.7
4.567 4.565 -26.9 -264.5 -143.9 -44.8 -233.6 -14.7
4.587 4.585 -26.9 -264.5 -143.9 -44.8 -233.6 -14.7
4.607 4.605 -26.9 -264.5 -143.8 -44.8 -233.6 -14.7
4.626 4.625 -26.9 -264.5 -143.8 -44.8 -233.6 -14.7
4.647 4.645 -26.9 -264.4 -143.8 -44.8 -233.6 -14.7
4.667 4.665 -26.9 -264.5 -143.9 -44.8 -233.6 -14.7
4.687 4.685 -27.0 -264.5 -143.8 -44.8 -233.6 -14.7
4.707 4.705 -27.0 -264.5 -143.8 -44.8 -233.6 -14.7
4.726 4.725 -26.9 -264.4 -143.8 -44.8 -233.6 -14.7
4.747 4.745 -26.9 -264.4 -143.8 -44.8 -233.6 -14.7
4.767 4.765 -26.9 -264.4 -143.8 -44.8 -233.6 -14.7
4.788 4.785 -26.9 -264.4 -143.7 -44.8 -233.6 -14.7
4.807 4.805 -26.9 -264.4 -143.7 -44.8 -233.6 -14.7
4.827 4.825 -26.8 -264.4 -143.7 -44.8 -233.6 -14.7
4.847 4.845 -26.8 -264.4 -143.7 -44.8 -233.6 -14.7
4.866 4.865 -26.8 -264.4 -143.7 -44.8 -233.6 -14.7
4.888 4.885 -26.8 -264.4 -143.7 -44.8 -233.6 -14.7
4.907 4.905 -26.8 -264.4 -143.8 -44.8 -233.6 -14.7
4.927 4.925 -26.8 -264.4 -143.8 -44.8 -233.6 -14.7
4.947 4.945 -26.8 -264.4 -143.8 -44.8 -233.6 -14.7
4.967 4.965 -26.8 -264.4 -143.8 -44.8 -233.6 -14.7
4.987 4.985 -26.8 -264.4 -143.8 -44.8 -233.6 -14.7
5.007 5.005 -26.8 -264.4 -143.8 -44.8 -233.6 -14.7
5.027 5.025 -26.9 -264.4 -143.8 -44.8 -233.6 -14.7
5.047 5.045 -26.9 -264.5 -143.8 -44.8 -233.6 -14.7
5.067 5.065 -26.9 -264.4 -143.8 -44.8 -233.6 -14.7
5.087 5.085 -26.9 -264.4 -143.8 -44.8 -233.6 -14.7
5.107 5.105 -26.9 -264.4 -143.7 -44.8 -233.6 -14.7
5.127 5.125 -26.9 -264.4 -143.59999 -44.8 -233.6 -14.7
5.147 5.145 -26.9 -264.4 -143.59999 -44.8 -233.6 -14.7
5.167 5.165 -26.9 -264.4 -143.59999 -44.8 -233.6 -14.7
5.187 5.185 -26.9 -264.4 -143.59999 -44.8 -233.6 -14.7
5.207 5.205 -26.9 -264.4 -143.7 -44.8 -233.6 -14.7
5.227 5.225 -26.9 -264.4 -143.8 -44.8 -233.6 -14.7
5.247 5.245 -26.9 -264.5 -143.8 -44.8 -233.6 -14.7
5.270 5.265 -26.8 -264.4 -143.8 -44.8 -233.6 -14.7
5.287 5.285 -26.8 -264.4 -143.8 -44.8 -233.6 -14.7
5.307 5.305 -26.8 -264.4 -143.7 -44.8 -233.6 -14.7
5.327 5.325 -26.8 -264.4 -143.7 -44.8 -233.6 -14.7
5.347 5.345 -26.9 -264.4 -143.8 -44.8 -233.6 -14.7
5.367 5.365 -26.9 -264.4 -143.8 -44.8 -233.6 -14.7
5.387 5.385 -26.9 -264.5 -143.8 -44.8 -233.6 -14.7
5.407 5.405 -26.9 -264.4 -143.7 -44.8 -233.6 -14.7
5.426 5.425 -26.9 -264.4 -143.8 -44.8 -233.6 -14.7
5.447 5.445 -26.9 -264.4 -143.8 -44.8 -233.6 -14.7
5.469 5.465 -26.9 -264.4 -143.8 -44.8 -233.6 -14.7
5.487 5.485 -26.9 -264.4 -143.7 -44.8 -233.6 -14.7
5.507 5.505 -26.9 -264.4 -143.7 -44.8 -233.6 -14.7
5.527 5.525 -26.9 -264.4 -143.7 -44.8 -233.6 -14.7
5.546 5.545 -26.9 -264.4 -143.7 -44.8 -233.6 -14.7
5.569 5.565 -26.9 -264.4 -143.7 -44.8 -233.6 -14.7
5.586 5.585 -26.8 -264.4 -143.7 -44.8 -233.6 -14.7
5.607 5.605 -26.8 -264.4 -143.7 -44.8 -233.6 -14.7
5.627 5.625 -26.8 -264.30002 -143.7 -44.8 -233.6 -14.7
5.647 5.645 -26.8 -264.30002 -143.8 -44.8 -233.6 -14.7
5.667 5.665 -26.8 -264.30002 -143.8 -44.8 -233.6 -14.7
5.687 5.685 -26.8 -264.30002 -143.8 -44.8 -233.6 -14.7
5.707 5.705 -26.699999 -264.2 -143.8 -44.8 -233.6 -14.7
5.727 5.725 -26.699999 -264.2 -143.8 -44.8 -233.6 -14.7
5.746 5.745 -26.699999 -264.2 -143.8 -44.8 -233.6 -14.7
5.767 5.765 -26.8 -264.2 -143.8 -44.8 -233.6 -14.7
5.787 5.785 -26.8 -264.30002 -143.8 -44.8 -233.6 -14.7
5.807 5.805 -26.699999 -264.2 -143.8 -44.8 -233.6 -14.7
5.827 5.825 -26.699999 -264.2 -143.8 -44.8 -233.6 -14.7
5.847 5.845 -26.699999 -264.2 -143.8 -44.8 -233.6 -14.7
5.869 5.865 -26.699999 -264.2 -143.8 -44.8 -233.6 -14.7
5.887 5.885 -26.699999 -264.2 -143.8 -44.8 -233.6 -14.7
5.907 5.905 -26.699999 -264.2 -143.8 -44.8 -233.6 -14.7
5.927 5.925 -26.699999 -264.2 -143.9 -44.8 -233.6 -14.7
5.946 5.945 -26.699999 -264.30002 -143.8 -44.8 -233.6 -14.7
5.966 5.965 -26.699999 -264.30002 -143.8 -44.8 -233.6 -14.7
5.986 5.985 -26.699999 -264.30002 -143.9 -44.8 -233.6 -14.7
6.006 6.005 -26.699999 -264.30002 -143.8 -44.8 -233.6 -14.7
6.026 6.025 -26.8 -264.30002 -143.8 -44.8 -233.6 -14.7
6.046 6.045 -26.8 -264.30002 -143.9 -44.8 -233.6 -14.7
6.067 6.065 -26.8 -264.30002 -143.8 -44.8 -233.6 -14.7
6.087 6.085 -26.8 -264.30002 -143.8 -44.8 -233.6 -14.7
6.107 6.105 -26.8 -264.30002 -143.7 -44.8 -233.6 -14.7
6.126 6.125 -26.9 -264.4 -143.7 -44.8 -233.6 -14.7
6.150 6.145 -26.9 -264.4 -143.7 -44.8 -233.6 -14.7
6.167 6.165 -26.9 -264.4 -143.7 -44.8 -233.6 -14.7
6.187 6.185 -26.9 -264.4 -143.59999 -44.8 -233.6 -14.7
6.207 6.205 -26.9 -264.4 -143.7 -44.8 -233.6 -14.7
6.227 6.225 -26.9 -264.4 -143.7 -44.8 -233.6 -14.7
6.247 6.245 -26.9 -264.4 -143.59999 -44.8 -233.6 -14.7
6.267 6.265 -26.9 -264.4 -143.7 -44.8 -233.6 -14.7
6.287 6.285 -27.0 -264.5 -143.7 -44.8 -233.6 -14.7
6.307 6.305 -27.0 -264.5 -143.7 -44.8 -233.6 -14.7
6.326 6.325 -27.0 -264.5 -143.7 -44.8 -233.6 -14.7
6.346 6.345 -27.0 -264.5 -143.7 -44.8 -233.6 -14.7
6.367 6.365 -27.0 -264.5 -143.7 -44.8 -233.6 -14.7
6.387 6.385 -26.9 -264.5 -143.7 -44.8 -233.6 -14.7
6.406 6.405 -27.0 -264.5 -143.59999 -44.8 -233.6 -14.7
6.426 6.425 -27.0 -264.6 -143.59999 -44.8 -233.6 -14.7
6.448 6.445 -27.0 -264.6 -143.59999 -44.8 -233.6 -14.7
6.466 6.465 -27.0 -264.6 -143.59999 -44.8 -233.6 -14.7
6.486 6.485 -27.0 -264.6 -143.59999 -44.8 -233.6 -14.7
6.506 6.505 -27.0 -264.6 -143.59999 -44.8 -233.6 -14.7
6.526 6.525 -26.9 -264.6 -143.59999 -44.8 -233.6 -14.7
6.546 6.545 -26.9 -264.6 -143.59999 -44.8 -233.6 -14.7
6.567 6.565 -26.9 -264.5 -143.59999 -44.8 -233.6 -14.7
6.587 6.585 -26.9 -264.5 -143.59999 -44.8 -233.6 -14.7
6.607 6.605 -26.9 -264.5 -143.59999 -44.8 -233.6 -14.7
6.627 6.625 -26.8 -264.5 -143.59999 -44.8 -233.6 -14.7
6.647 6.645 -26.9 -264.5 -143.59999 -44.8 -233.6 -14.7
6.667 6.665 -26.8 -264.5 -143.59999 -44.8 -233.6 -14.7
6.687 6.685 -26.8 -264.5 -143.59999 -44.8 -233.6 -14.7
6.707 6.705 -26.8 -264.5 -143.7 -44.8 -233.6 -14.7
6.727 6.725 -26.8 -264.5 -143.7 -44.8 -233.6 -14.7
6.747 6.745 -26.8 -264.5 -143.8 -44.8 -233.6 -14.7
6.767 6.765 -26.8 -264.5 -143.8 -44.8 -233.6 -14.7
6.787 6.785 -26.8 -264.5 -143.8 -44.8 -233.6 -14.7
6.807 6.805 -26.8 -264.5 -143.8 -44.8 -233.6 -14.7
6.827 6.825 -26.8 -264.5 -143.8 -44.8 -233.6 -14.7
6.847 6.845 -26.8 -264.5 -143.8 -44.8 -233.6 -14.7
6.867 6.865 -26.8 -264.5 -143.8 -44.8 -233.6 -14.7
6.887 6.885 -26.8 -264.5 -143.8 -44.8 -233.6 -14.7
6.907 6.905 -26.8 -264.5 -143.8 -44.8 -233.6 -14.7
6.926 6.925 -26.8 -264.5 -143.7 -44.8 -233.6 -14.7
6.946 6.945 -26.8 -264.5 -143.7 -44.8 -233.6 -14.7
6.966 6.965 -26.8 -264.4 -143.8 -44.8 -233.6 -14.7
6.987 6.985 -26.8 -264.4 -143.8 -44.8 -233.6 -14.7
7.006 7.005 -26.8 -264.4 -143.8 -44.8 -233.6 -14.7
7.030 7.025 -26.8 -264.4 -143.7 -44.8 -233.6 -14.7
7.047 7.045 -26.8 -264.30002 -143.7 -44.8 -233.6 -14.7
7.067 7.065 -26.8 -264.30002 -143.7 -44.8 -233.6 -14.7
7.087 7.085 -26.8 -264.30002 -143.8 -44.8 -233.6 -14.7
7.106 7.105 -26.8 -264.4 -143.9 -44.8 -233.6 -14.7
7.127 7.125 -26.8 -264.4 -143.9 -44.8 -233.6 -14.7
7.147 7.145 -26.8 -264.4 -143.9 -44.8 -233.6 -14.7
7.167 7.165 -26.8 -264.4 -143.9 -44.8 -233.6 -14.7
7.187 7.185 -26.8 -264.4 -143.9 -44.8 -233.6 -14.7
7.207 7.205 -26.9 -264.4 -144.0 -44.8 -233.6 -14.7
7.226 7.225 -26.9 -264.4 -144.0 -44.8 -233.6 -14.7
7.247 7.245 -26.9 -264.4 -144.0 -44.8 -233.6 -14.7
7.267 7.265 -26.8 -264.4 -144.0 -44.8 -233.6 -14.7
7.287 7.285 -26.8 -264.4 -144.09999 -44.8 -233.6 -14.7
7.307 7.305 -26.8 -264.4 -144.0 -44.8 -233.6 -14.7
7.329 7.325 -26.9 -264.30002 -144.09999 -44.8 -233.6 -14.7
7.346 7.345 -26.9 -264.4 -144.0 -44.8 -233.6 -14.7
7.367 7.365 -26.8 -264.30002 -144.0 -44.8 -233.6 -14.7
7.386 7.385 -26.8 -264.4 -143.9 -44.8 -233.6 -14.7
7.406 7.405 -26.8 -264.4 -143.9 -44.8 -233.6 -14.7
7.426 7.425 -26.8 -264.4 -143.9 -44.8 -233.6 -14.7
7.446 7.445 -26.8 -264.4 -143.9 -44.8 -233.6 -14.7
7.467 7.465 -26.8 -264.4 -143.9 -44.8 -233.6 -14.7
7.487 7.485 -26.8 -264.4 -143.9 -44.8 -233.6 -14.7
7.506 7.505 -26.699999 -264.4 -143.9 -44.8 -233.6 -14.7
7.526 7.525 -26.699999 -264.4 -144.0 -44.8 -233.6 -14.7
7.546 7.545 -26.699999 -264.30002 -144.0 -44.8 -233.6 -14.7
7.566 7.565 -26.699999 -264.4 -144.0 -44.8 -233.6 -14.7
7.586 7.585 -26.699999 -264.4 -144.09999 -44.8 -233.6 -14.7
7.606 7.605 -26.699999 -264.4 -144.09999 -44.8 -233.6 -14.7
7.626 7.625 -26.699999 -264.4 -144.09999 -44.8 -233.6 -14.7
7.646 7.645 -26.699999 -264.4 -144.09999 -44.8 -233.6 -14.7
7.666 7.665 -26.699999 -264.4 -144.0 -44.8 -233.6 -14.7
7.686 7.685 -26.699999 -264.4 -144.0 -44.8 -233.6 -14.7
7.706 7.705 -26.699999 -264.4 -144.0 -44.8 -233.6 -14.7
7.726 7.725 -26.699999 -264.4 -144.09999 -44.8 -233.6 -14.7
7.746 7.745 -26.8 -264.4 -144.0 -44.8 -233.6 -14.7
7.766 7.765 -26.8 -264.4 -144.0 -44.8 -233.6 -14.7
7.786 7.785 -26.699999 -264.4 -144.0 -44.8 -233.6 -14.7
7.806 7.805 -26.699999 -264.4 -144.0 -44.8 -233.6 -14.7
7.827 7.825 -26.699999 -264.4 -144.0 -44.8 -233.6 -14.7
7.846 7.845 -26.8 -264.4 -144.0 -44.8 -233.6 -14.7
7.867 7.865 -26.8 -264.4 -144.0 -44.8 -233.6 -14.7
7.887 7.885 -26.699999 -264.4 -144.0 -44.8 -233.6 -14.7
7.907 7.905 -26.699999 -264.4 -144.0 -44.8 -233.6 -14.7
7.927 7.925 -26.699999 -264.4 -144.0 -44.8 -233.6 -14.7
7.947 7.945 -26.699999 -264.4 -144.09999 -44.8 -233.6 -14.7
7.967 7.965 -26.699999 -264.4 -144.09999 -44.8 -233.6 -14.7
7.986 7.985 -26.699999 -264.30002 -144.2 -44.8 -233.6 -14.7
8.007 8.005 -26.8 -264.4 -144.2 -44.8 -233.6 -14.7
8.026 8.025 -26.699999 -264.4 -144.2 -44.8 -233.6 -14.7
8.047 8.045 -26.699999 -264.30002 -144.3 -44.8 -233.6 -14.7
8.067 8.065 -26.699999 -264.30002 -144.2 -44.8 -233.6 -14.7
8.086 8.085 -26.699999 -264.30002 -144.3 -44.8 -233.6 -14.7
8.106 8.105 -26.8 -264.4 -144.3 -44.8 -233.6 -14.7
8.127 8.125 -26.8 -264.4 -144.3 -44.8 -233.6 -14.7
8.147 8.145 -26.8 -264.30002 -144.3 -44.8 -233.6 -14.7
8.167 8.165 -26.8 -264.4 -144.3 -44.8 -233.6 -14.7
8.187 8.185 -26.8 -264.30002 -144.3 -44.8 -233.6 -14.7
8.207 8.205 -26.8 -264.30002 -144.3 -44.8 -233.6 -14.7
8.227 8.225 -26.8 -264.30002 -144.3 -44.8 -233.6 -14.7
8.246 8.245 -26.8 -264.30002 -144.3 -44.8 -233.6 -14.7
8.266 8.265 -26.8 -264.30002 -144.4 -44.8 -233.6 -14.7
8.286 8.285 -26.8 -264.30002 -144.3 -44.8 -233.6 -14.7
8.310 8.305 -26.8 -264.30002 -144.3 -44.8 -233.6 -14.7
8.327 8.325 -26.8 -264.30002 -144.3 -44.8 -233.6 -14.7
8.347 8.345 -26.8 -264.30002 -144.3 -44.8 -233.6 -14.7
8.367 8.365 -26.8 -264.30002 -144.3 -44.8 -233.6 -14.7
8.387 8.385 -26.8 -264.30002 -144.3 -44.8 -233.6 -14.7
8.407 8.405 -26.8 -264.30002 -144.3 -44.8 -233.6 -14.7
8.427 8.425 -26.8 -264.30002 -144.3 -44.8 -233.6 -14.7
8.447 8.445 -26.699999 -264.30002 -144.3 -44.8 -233.6 -14.7
8.467 8.465 -26.8 -264.2 -144.3 -44.8 -233.6 -14.7
8.487 8.485 -26.8 -264.2 -144.3 -44.8 -233.6 -14.7
8.507 8.505 -26.8 -264.2 -144.3 -44.8 -233.6 -14.7
8.527 8.525 -26.8 -264.2 -144.2 -44.8 -233.6 -14.7
8.547 8.545 -26.8 -264.30002 -144.2 -44.8 -233.6 -14.7
8.567 8.565 -26.8 -264.30002 -144.2 -44.8 -233.6 -14.7
8.587 8.585 -26.9 -264.30002 -144.09999 -44.8 -233.6 -14.7
8.609 8.605 -26.9 -264.30002 -144.09999 -44.8 -233.6 -14.7
8.627 8.625 -26.8 -264.30002 -144.2 -44.8 -233.6 -14.7
8.647 8.645 -26.8 -264.30002 -144.09999 -44.8 -233.6 -14.7
8.666 8.665 -26.8 -264.30002 -144.09999 -44.8 -233.6 -14.7
8.686 8.685 -26.8 -264.2 -144.09999 -44.8 -233.6 -14.7
8.706 8.705 -26.8 -264.2 -144.2 -44.8 -233.6 -14.7
8.727 8.725 -26.9 -264.2 -144.2 -44.8 -233.6 -14.7
8.747 8.745 -26.9 -264.30002 -144.2 -44.8 -233.6 -14.7
8.766 8.765 -26.9 -264.2 -144.2 -44.8 -233.6 -14.7
8.787 8.785 -26.9 -264.30002 -144.2 -44.8 -233.6 -14.7
8.808 8.805 -26.9 -264.30002 -144.2 -44.8 -233.6 -14.7
8.827 8.825 -26.9 -264.30002 -144.2 -44.8 -233.6 -14.7
8.847 8.845 -26.9 -264.30002 -144.2 -44.8 -233.6 -14.7
8.867 8.865 -26.9 -264.30002 -144.09999 -44.8 -233.6 -14.7
8.887 8.885 -26.9 -264.30002 -144.2 -44.8 -233.6 -14.7
8.907 8.905 -26.9 -264.30002 -144.2 -44.8 -233.6 -14.7
8.927 8.925 -26.9 -264.30002 -144.2 -44.8 -233.6 -14.7
8.947 8.945 -26.9 -264.30002 -144.2 -44.8 -233.6 -14.7
8.966 8.965 -26.9 -264.30002 -144.2 -44.8 -233.6 -14.7
8.987 8.985 -26.9 -264.30002 -144.3 -44.8 -233.6 -14.7
9.007 9.005 -26.8 -264.30002 -144.2 -44.8 -233.6 -14.7
9.027 9.025 -26.8 -264.30002 -144.2 -44.8 -233.6 -14.7
9.047 9.045 -26.8 -264.30002 -144.2 -44.8 -233.6 -14.7
9.067 9.065 -26.8 -264.30002 -144.2 -44.8 -233.6 -14.7
9.087 9.085 -26.8 -264.30002 -144.2 -44.8 -233.6 -14.7
9.107 9.105 -26.8 -264.30002 -144.09999 -44.8 -233.6 -14.7
9.127 9.125 -26.8 -264.30002 -144.09999 -44.8 -233.6 -14.7
9.147 9.145 -26.8 -264.30002 -144.2 -44.8 -233.6 -14.7
9.166 9.165 -26.8 -264.30002 -144.09999 -44.8 -233.6 -14.7
9.187 9.185 -26.8 -264.30002 -144.09999 -44.8 -233.6 -14.7
9.207 9.205 -26.8 -264.30002 -144.09999 -44.8 -233.6 -14.7
9.226 9.225 -26.8 -264.30002 -144.09999 -44.8 -233.6 -14.7
9.247 9.245 -26.8 -264.30002 -144.09999 -44.8 -233.6 -14.7
9.267 9.265 -26.8 -264.2 -144.2 -44.8 -233.6 -14.7
9.287 9.285 -26.8 -264.2 -144.2 -44.8 -233.6 -14.7
9.306 9.305 -26.8 -264.2 -144.2 -44.8 -233.6 -14.7
9.327 9.325 -26.8 -264.30002 -144.2 -44.8 -233.6 -14.7
9.346 9.345 -26.8 -264.2 -144.2 -44.8 -233.6 -14.7
9.366 9.365 -26.8 -264.30002 -144.2 -44.8 -233.6 -14.7
9.387 9.385 -26.8 -264.2 -144.2 -44.8 -233.6 -14.7
9.407 9.405 -26.8 -264.2 -144.2 -44.8 -233.6 -14.7
9.427 9.425 -26.699999 -264.2 -144.2 -44.8 -233.6 -14.7
9.447 9.445 -26.699999 -264.2 -144.3 -44.8 -233.6 -14.7
9.467 9.465 -26.8 -264.30002 -144.3 -44.8 -233.6 -14.7
9.490 9.485 -26.8 -264.2 -144.4 -44.8 -233.6 -14.7
9.507 9.505 -26.8 -264.2 -144.4 -44.8 -233.6 -14.7
9.527 9.525 -26.699999 -264.2 -144.4 -44.8 -233.6 -14.7
9.547 9.545 -26.8 -264.2 -144.4 -44.8 -233.6 -14.7
9.567 9.565 -26.8 -264.2 -144.4 -44.8 -233.6 -14.7
9.587 9.585 -26.8 -264.2 -144.4 -44.8 -233.6 -14.7
9.607 9.605 -26.8 -264.2 -144.3 -44.8 -233.6 -14.7
9.626 9.625 -26.8 -264.2 -144.3 -44.8 -233.6 -14.7
9.646 9.645 -26.8 -264.2 -144.3 -44.8 -233.6 -14.7
9.667 9.665 -26.8 -264.2 -144.3 -44.8 -233.6 -14.7
9.687 9.685 -26.8 -264.2 -144.2 -44.8 -233.6 -14.7
9.707 9.705 -26.8 -264.2 -144.3 -44.8 -233.6 -14.7
9.727 9.725 -26.8 -264.2 -144.3 -44.8 -233.6 -14.7
9.747 9.745 -26.8 -264.2 -144.2 -44.8 -233.6 -14.7
9.767 9.765 -26.699999 -264.2 -144.2 -44.8 -233.6 -14.7
9.788 9.785 -26.699999 -264.2 -144.2 -44.8 -233.6 -14.7
9.807 9.805 -26.699999 -264.2 -144.3 -44.8 -233.6 -14.7
9.826 9.825 -26.699999 -264.2 -144.2 -44.8 -233.6 -14.7
9.847 9.845 -26.699999 -264.2 -144.2 -44.8 -233.6 -14.7
9.867 9.865 -26.699999 -264.30002 -144.2 -44.8 -233.6 -14.7
9.886 9.885 -26.699999 -264.30002 -144.2 -44.8 -233.6 -14.7
9.907 9.905 -26.699999 -264.30002 -144.2 -44.8 -233.6 -14.7
9.927 9.925 -26.699999 -264.30002 -144.2 -44.8 -233.6 -14.7
9.947 9.945 -26.699999 -264.30002 -144.2 -44.8 -233.6 -14.7
9.967 9.965 -26.699999 -264.30002 -144.3 -44.8 -233.6 -14.7
9.987 9.985 -26.699999 -264.30002 -144.2 -44.8 -233.6 -14.7
10.007 10.005 -26.699999 -264.30002 -144.2 -44.8 -233.6 -14.7
10.027 10.025 -26.699999 -264.30002 -144.2 -44.8 -233.6 -14.7
10.047 10.045 -26.699999 -264.2 -144.2 -44.8 -233.6 -14.7
10.067 10.065 -26.699999 -264.2 -144.09999 -44.8 -233.6 -14.7
10.087 10.085 -26.699999 -264.2 -144.09999 -44.8 -233.6 -14.7
10.107 10.105 -26.8 -264.30002 -144.0 -44.8 -233.6 -14.7
10.126 10.125 -26.8 -264.30002 -144.09999 -44.8 -233.6 -14.7
10.146 10.145 -26.8 -264.2 -144.0 -44.8 -233.6 -14.7
10.167 10.165 -26.699999 -264.2 -143.9 -44.8 -233.6 -14.7
10.187 10.185 -26.699999 -264.2 -144.0 -44.8 -233.6 -14.7
10.207 10.205 -26.699999 -264.2 -144.09999 -44.8 -233.6 -14.7
10.226 10.225 -26.699999 -264.2 -144.09999 -44.8 -233.6 -14.7
10.246 10.245 -26.699999 -264.2 -144.09999 -44.8 -233.6 -14.7
10.266 10.266 -26.699999 -264.2 -144.2 -44.8 -233.6 -14.7
10.286 10.285 -26.699999 -264.2 -144.2 -44.8 -233.6 -14.7
10.306 10.305 -26.699999 -264.2 -144.2 -44.8 -233.6 -14.7
10.326 10.325 -26.699999 -264.2 -144.2 -44.8 -233.6 -14.7
10.346 10.345 -26.699999 -264.2 -144.3 -44.8 -233.6 -14.7
10.366 10.365 -26.699999 -264.2 -144.3 -44.8 -233.6 -14.7
10.387 10.385 -26.699999 -264.2 -144.3 -44.8 -233.6 -14.7
10.407 10.405 -26.699999 -264.2 -144.4 -44.8 -233.6 -14.7
10.426 10.425 -26.699999 -264.2 -144.4 -44.8 -233.6 -14.7
10.447 10.445 -26.699999 -264.2 -144.4 -44.8 -233.6 -14.7
10.469 10.465 -26.699999 -264.2 -144.3 -44.8 -233.6 -14.7
10.487 10.485 -26.699999 -264.2 -144.4 -44.8 -233.6 -14.7
10.507 10.505 -26.699999 -264.2 -144.3 -44.8 -233.6 -14.7
10.527 10.525 -26.699999 -264.2 -144.3 -44.8 -233.6 -14.7
10.546 10.545 -26.8 -264.2 -144.4 -44.8 -233.6 -14.7
10.567 10.565 -26.699999 -264.2 -144.3 -44.8 -233.6 -14.7
10.587 10.585 -26.8 -264.2 -144.4 -44.8 -233.6 -14.7
10.607 10.605 -26.8 -264.30002 -144.3 -44.8 -233.6 -14.7
10.627 10.625 -26.8 -264.30002 -144.3 -44.8 -233.6 -14.7
10.647 10.645 -26.8 -264.30002 -144.3 -44.8 -233.6 -14.7
10.667 10.665 -26.8 -264.30002 -144.3 -44.8 -233.6 -14.7
10.687 10.685 -26.8 -264.30002 -144.3 -44.8 -233.6 -14.7
10.707 10.705 -26.8 -264.30002 -144.4 -44.8 -233.6 -14.7
10.727 10.725 -26.8 -264.30002 -144.3 -44.8 -233.6 -14.7
10.747 10.745 -26.8 -264.30002 -144.3 -44.8 -233.6 -14.7
10.766 10.765 -26.8 -264.30002 -144.4 -44.8 -233.6 -14.7
10.787 10.785 -26.9 -264.30002 -144.4 -44.8 -233.6 -14.7
10.807 10.805 -26.9 -264.30002 -144.4 -44.8 -233.6 -14.7
10.827 10.825 -26.9 -264.30002 -144.4 -44.8 -233.6 -14.7
10.846 10.845 -26.9 -264.30002 -144.4 -44.8 -233.6 -14.7
10.866 10.865 -26.9 -264.30002 -144.4 -44.8 -233.6 -14.7
10.886 10.885 -26.9 -264.30002 -144.4 -44.8 -233.6 -14.7
10.907 10.905 -26.9 -264.30002 -144.5 -44.8 -233.6 -14.7
10.927 10.925 -26.9 -264.30002 -144.5 -44.8 -233.6 -14.7
10.947 10.945 -26.9 -264.30002 -144.5 -44.8 -233.6 -14.7
10.967 10.965 -26.9 -264.4 -144.4 -44.8 -233.6 -14.7
10.986 10.985 -26.9 -264.4 -144.3 -44.8 -233.6 -14.7
11.006 11.005 -26.9 -264.4 -144.3 -44.8 -233.6 -14.7
11.026 11.025 -26.9 -264.4 -144.3 -44.8 -233.6 -14.7
11.046 11.045 -26.9 -264.5 -144.3 -44.8 -233.6 -14.7
11.066 11.065 -26.9 -264.5 -144.3 -44.8 -233.6 -14.7
11.087 11.085 -26.9 -264.5 -144.3 -44.8 -233.6 -14.7
11.107 11.105 -26.9 -264.5 -144.3 -44.8 -233.6 -14.7
11.127 11.125 -26.9 -264.5 -144.3 -44.8 -233.6 -14.7
11.147 11.145 -26.9 -264.5 -144.3 -44.8 -233.6 -14.7
11.167 11.165 -26.9 -264.5 -144.3 -44.8 -233.6 -14.7
11.187 11.185 -26.9 -264.5 -144.2 -44.8 -233.6 -14.7
11.207 11.205 -27.0 -264.5 -144.2 -44.8 -233.6 -14.7
11.227 11.225 -26.9 -264.5 -144.2 -44.8 -233.6 -14.7
11.247 11.245 -26.9 -264.5 -144.2 -44.8 -233.6 -14.7
11.267 11.265 -26.9 -264.5 -144.09999 -44.8 -233.6 -14.7
11.287 11.285 -26.9 -264.5 -144.2 -44.8 -233.6 -14.7
11.307 11.305 -26.8 -264.5 -144.2 -44.8 -233.6 -14.7
11.326 11.325 -26.8 -264.5 -144.09999 -44.8 -233.6 -14.7
11.350 11.345 -26.8 -264.5 -144.2 -44.8 -233.6 -14.7
11.367 11.365 -26.8 -264.5 -144.2 -44.8 -233.6 -14.7
11.387 11.385 -26.8 -264.5 -144.2 -44.8 -233.6 -14.7
11.406 11.405 -26.8 -264.5 -144.09999 -44.8 -233.6 -14.7
11.426 11.425 -26.8 -264.5 -144.09999 -44.8 -233.6 -14.7
11.446 11.445 -26.8 -264.5 -144.09999 -44.8 -233.6 -14.7
11.468 11.465 -26.8 -264.5 -144.09999 -44.8 -233.6 -14.7
11.487 11.485 -26.8 -264.5 -144.0 -44.8 -233.6 -14.7
11.506 11.505 -26.8 -264.5 -144.0 -44.8 -233.6 -14.7
11.526 11.525 -26.9 -264.5 -144.09999 -44.8 -233.6 -14.7
11.546 11.545 -26.8 -264.5 -144.09999 -44.8 -233.6 -14.7
11.567 11.565 -26.9 -264.4 -144.09999 -44.8 -233.6 -14.7
11.587 11.585 -26.9 -264.4 -144.2 -44.8 -233.6 -14.7
11.607 11.605 -26.9 -264.5 -144.09999 -44.8 -233.6 -14.7
11.627 11.625 -26.8 -264.4 -144.09999 -44.8 -233.6 -14.7
11.650 11.645 -26.8 -264.4 -144.09999 -44.8 -233.6 -14.7
11.667 11.665 -26.9 -264.4 -144.09999 -44.8 -233.6 -14.7
11.687 11.685 -26.8 -264.4 -144.09999 -44.8 -233.6 -14.7
11.707 11.706 -26.8 -264.4 -144.09999 -44.8 -233.6 -14.7
11.727 11.725 -26.8 -264.4 -144.09999 -44.8 -233.6 -14.7
11.746 11.745 -26.9 -264.4 -144.0 -44.8 -233.6 -14.7
11.767 11.765 -26.8 -264.30002 -144.0 -44.8 -233.6 -14.7
11.787 11.785 -26.8 -264.4 -143.9 -44.8 -233.6 -14.7
11.807 11.805 -26.8 -264.30002 -144.0 -44.8 -233.6 -14.7
11.827 11.825 -26.8 -264.30002 -144.0 -44.8 -233.6 -14.7
11.846 11.845 -26.8 -264.30002 -144.0 -44.8 -233.6 -14.7
11.867 11.865 -26.8 -264.30002 -144.0 -44.8 -233.6 -14.7
11.887 11.885 -26.9 -264.30002 -144.0 -44.8 -233.6 -14.7
11.907 11.905 -26.8 -264.30002 -144.0 -44.8 -233.6 -14.7
11.927 11.925 -26.8 -264.30002 -144.0 -44.8 -233.6 -14.7
11.948 11.945 -26.8 -264.30002 -144.09999 -44.8 -233.6 -14.7
11.967 11.965 -26.9 -264.30002 -144.0 -44.8 -233.6 -14.7
11.987 11.985 -26.9 -264.4 -144.09999 -44.8 -233.6 -14.7
12.006 12.005 -26.8 -264.4 -144.09999 -44.8 -233.6 -14.7
12.027 12.025 -26.8 -264.30002 -144.09999 -44.8 -233.6 -14.7
12.046 12.045 -26.9 -264.4 -144.09999 -44.8 -233.6 -14.7
12.067 12.065 -26.8 -264.4 -144.09999 -44.8 -233.6 -14.7
12.087 12.085 -26.9 -264.4 -144.09999 -44.8 -233.6 -14.7
12.107 12.105 -26.9 -264.4 -144.0 -44.8 -233.6 -14.7
12.127 12.125 -26.9 -264.4 -144.0 -44.8 -233.6 -14.7
12.147 12.145 -26.9 -264.4 -144.0 -44.8 -233.6 -14.7
12.167 12.165 -26.9 -264.4 -144.09999 -44.8 -233.6 -14.7
12.187 12.185 -26.9 -264.30002 -144.0 -44.8 -233.6 -14.7
12.207 12.205 -26.9 -264.30002 -144.09999 -44.8 -233.6 -14.7
12.230 12.225 -26.9 -264.30002 -144.2 -44.8 -233.6 -14.7
12.247 12.245 -26.9 -264.30002 -144.09999 -44.8 -233.6 -14.7
12.267 12.265 -26.9 -264.30002 -144.09999 -44.8 -233.6 -14.7
12.286 12.285 -26.9 -264.30002 -144.09999 -44.8 -233.6 -14.7
12.306 12.305 -26.8 -264.30002 -144.09999 -44.8 -233.6 -14.7
12.327 12.325 -26.8 -264.2 -144.2 -44.8 -233.6 -14.7
12.347 12.345 -26.8 -264.2 -144.2 -44.8 -233.6 -14.7
12.367 12.365 -26.8 -264.2 -144.2 -44.8 -233.6 -14.7
12.387 12.385 -26.8 -264.2 -144.3 -44.8 -233.6 -14.7
12.407 12.405 -26.8 -264.2 -144.3 -44.8 -233.6 -14.7
12.427 12.425 -26.9 -264.30002 -144.3 -44.8 -233.6 -14.7
12.447 12.445 -26.9 -264.30002 -144.3 -44.8 -233.6 -14.7
12.467 12.465 -26.8 -264.30002 -144.3 -44.8 -233.6 -14.7
12.487 12.485 -26.9 -264.30002 -144.2 -44.8 -233.6 -14.7
12.507 12.505 -26.9 -264.30002 -144.3 -44.8 -233.6 -14.7
12.529 12.525 -26.9 -264.30002 -144.3 -44.8 -233.6 -14.7
12.547 12.545 -26.9 -264.30002 -144.3 -44.8 -233.6 -14.7
12.567 12.565 -26.9 -264.30002 -144.3 -44.8 -233.6 -14.7
12.587 12.585 -26.9 -264.30002 -144.3 -44.8 -233.6 -14.7
12.607 12.605 -26.9 -264.30002 -144.3 -44.8 -233.6 -14.7
12.627 12.625 -26.9 -264.30002 -144.3 -44.8 -233.6 -14.7
12.647 12.645 -27.0 -264.30002 -144.4 -44.8 -233.6 -14.7
12.667 12.665 -26.9 -264.30002 -144.4 -44.8 -233.6 -14.7
12.686 12.685 -26.9 -264.30002 -144.4 -44.8 -233.6 -14.7
12.706 12.705 -26.8 -264.30002 -144.4 -44.8 -233.6 -14.7
12.726 12.725 -26.9 -264.30002 -144.4 -44.8 -233.6 -14.7
12.746 12.745 -26.9 -264.30002 -144.4 -44.8 -233.6 -14.7
12.767 12.765 -26.9 -264.30002 -144.4 -44.8 -233.6 -14.7
12.787 12.785 -26.9 -264.4 -144.4 -44.8 -233.6 -14.7
12.807 12.805 -26.9 -264.4 -144.3 -44.8 -233.6 -14.7
12.829 12.825 -27.0 -264.4 -144.2 -44.8 -233.6 -14.7
12.847 12.845 -27.0 -264.4 -144.3 -44.8 -233.6 -14.7
12.867 12.865 -27.0 -264.4 -144.3 -44.8 -233.6 -14.7
12.887 12.885 -27.0 -264.4 -144.2 -44.8 -233.6 -14.7
12.907 12.905 -27.0 -264.4 -144.2 -44.8 -233.6 -14.7
12.927 12.925 -27.0 -264.5 -144.2 -44.8 -233.6 -14.7
12.947 12.945 -27.0 -264.5 -144.3 -44.8 -233.6 -14.7
12.967 12.965 -27.0 -264.5 -144.3 -44.8 -233.6 -14.7
12.987 12.985 -27.0 -264.5 -144.3 -44.8 -233.6 -14.7
13.007 13.005 -27.0 -264.4 -144.3 -44.8 -233.6 -14.7
13.027 13.025 -27.0 -264.4 -144.2 -44.8 -233.6 -14.7
13.047 13.045 -27.0 -264.4 -144.2 -44.8 -233.6 -14.7
13.067 13.065 -27.0 -264.4 -144.2 -44.8 -233.6 -14.7
13.087 13.085 -26.9 -264.4 -144.2 -44.8 -233.6 -14.7
13.107 13.105 -26.9 -264.4 -144.09999 -44.8 -233.6 -14.7
13.127 13.125 -26.9 -264.4 -144.2 -44.8 -233.6 -14.7
13.147 13.145 -26.9 -264.4 -144.09999 -44.8 -233.6 -14.7
13.167 13.165 -26.9 -264.4 -144.2 -44.8 -233.6 -14.7
13.187 13.185 -26.9 -264.4 -144.2 -44.8 -233.6 -14.7
13.207 13.205 -26.8 -264.4 -144.2 -44.8 -233.6 -14.7
13.226 13.225 -26.9 -264.4 -144.2 -44.8 -233.6 -14.7
13.247 13.245 -26.8 -264.4 -144.2 -44.8 -233.6 -14.7
13.267 13.265 -26.9 -264.4 -144.3 -44.8 -233.6 -14.7
13.287 13.285 -26.9 -264.5 -144.2 -44.8 -233.6 -14.7
13.307 13.305 -27.0 -264.5 -144.2 -44.8 -233.6 -14.7
13.327 13.325 -26.9 -264.5 -144.2 -44.8 -233.6 -14.7
13.347 13.345 -26.9 -264.4 -144.2 -44.8 -233.6 -14.7
13.367 13.365 -26.9 -264.4 -144.2 -44.8 -233.6 -14.7
13.387 13.385 -26.9 -264.4 -144.2 -44.8 -233.6 -14.7
13.406 13.405 -26.9 -264.4 -144.3 -44.8 -233.6 -14.7
13.427 13.425 -26.9 -264.4 -144.3 -44.8 -233.6 -14.7
13.447 13.445 -26.8 -264.4 -144.2 -44.8 -233.6 -14.7
13.467 13.465 -26.9 -264.4 -144.3 -44.8 -233.6 -14.7
13.487 13.485 -26.8 -264.4 -144.3 -44.8 -233.6 -14.7
13.509 13.505 -26.8 -264.4 -144.3 -44.8 -233.6 -14.7
13.527 13.525 -26.9 -264.4 -144.2 -44.8 -233.6 -14.7
13.547 13.545 -26.8 -264.4 -144.09999 -44.8 -233.6 -14.7
13.567 13.565 -26.8 -264.4 -144.09999 -44.8 -233.6 -14.7
13.587 13.585 -26.8 -264.4 -144.09999 -44.8 -233.6 -14.7
13.606 13.605 -26.8 -264.4 -144.09999 -44.8 -233.6 -14.7
13.626 13.625 -26.8 -264.4 -144.09999 -44.8 -233.6 -14.7
13.647 13.645 -26.8 -264.4 -144.09999 -44.8 -233.6 -14.7
13.667 13.665 -26.8 -264.4 -144.09999 -44.8 -233.6 -14.7
13.687 13.685 -26.8 -264.4 -144.2 -44.8 -233.6 -14.7
13.706 13.705 -26.9 -264.4 -144.2 -44.8 -233.6 -14.7
13.727 13.725 -26.9 -264.4 -144.2 -44.8 -233.6 -14.7
13.747 13.745 -26.8 -264.4 -144.2 -44.8 -233.6 -14.7
13.767 13.765 -26.8 -264.4 -144.09999 -44.8 -233.6 -14.7
13.787 13.785 -26.9 -264.4 -144.09999 -44.8 -233.6 -14.7
13.808 13.805 -26.9 -264.30002 -144.09999 -44.8 -233.6 -14.7
13.827 13.825 -26.8 -264.30002 -144.09999 -44.8 -233.6 -14.7
13.847 13.845 -26.8 -264.30002 -144.09999 -44.8 -233.6 -14.7
13.867 13.865 -26.8 -264.30002 -144.0 -44.8 -233.6 -14.7
13.887 13.885 -26.8 -264.30002 -144.0 -44.8 -233.6 -14.7
13.907 13.905 -26.8 -264.30002 -144.0 -44.8 -233.6 -14.7
13.927 13.925 -26.699999 -264.2 -144.0 -44.8 -233.6 -14.7
13.947 13.945 -26.8 -264.30002 -144.0 -44.8 -233.6 -14.7
13.967 13.965 -26.8 -264.30002 -144.09999 -44.8 -233.6 -14.7
13.986 13.985 -26.8 -264.30002 -144.09999 -44.8 -233.6 -14.7
14.006 14.005 -26.699999 -264.2 -144.0 -44.8 -233.6 -14.7
14.027 14.025 -26.699999 -264.2 -144.09999 -44.8 -233.6 -14.7
14.047 14.045 -26.699999 -264.2 -144.09999 -44.8 -233.6 -14.7
14.067 14.065 -26.8 -264.2 -144.09999 -44.8 -233.6 -14.7
14.087 14.085 -26.8 -264.2 -144.09999 -44.8 -233.6 -14.7
14.107 14.105 -26.699999 -264.2 -144.2 -44.8 -233.6 -14.7
14.126 14.125 -26.699999 -264.2 -144.2 -44.8 -233.6 -14.7
14.147 14.145 -26.699999 -264.2 -144.3 -44.8 -233.6 -14.7
14.166 14.165 -26.699999 -264.2 -144.3 -44.8 -233.6 -14.7
14.187 14.185 -26.8 -264.2 -144.3 -44.8 -233.6 -14.7
14.207 14.205 -26.8 -264.2 -144.3 -44.8 -233.6 -14.7
14.227 14.225 -26.8 -264.2 -144.3 -44.8 -233.6 -14.7
14.247 14.245 -26.8 -264.2 -144.3 -44.8 -233.6 -14.7
14.267 14.265 -26.8 -264.2 -144.3 -44.8 -233.6 -14.7
14.287 14.285 -26.8 -264.2 -144.3 -44.8 -233.6 -14.7
14.307 14.305 -26.8 -264.2 -144.3 -44.8 -233.6 -14.7
14.327 14.325 -26.8 -264.2 -144.3 -44.8 -233.6 -14.7
14.347 14.345 -26.8 -264.2 -144.3 -44.8 -233.6 -14.7
14.368 14.367 -26.8 -264.2 -144.3 -44.8 -233.6 -14.7
14.390 14.385 -26.8 -264.2 -144.2 -44.8 -233.6 -14.7
14.406 14.405 -26.8 -264.2 -144.2 -44.8 -233.6 -14.7
14.426 14.425 -26.9 -264.2 -144.2 -44.8 -233.6 -14.7
14.446 14.445 -26.9 -264.2 -144.2 -44.8 -233.6 -14.7
14.466 14.465 -26.9 -264.2 -144.2 -44.8 -233.6 -14.7
14.487 14.485 -26.9 -264.2 -144.09999 -44.8 -233.6 -14.7
14.506 14.505 -26.9 -264.2 -144.2 -44.8 -233.6 -14.7
14.527 14.525 -26.9 -264.2 -144.09999 -44.8 -233.6 -14.7
14.546 14.545 -26.9 -264.2 -144.09999 -44.8 -233.6 -14.7
14.566 14.565 -26.9 -264.2 -144.09999 -44.8 -233.6 -14.7
14.586 14.585 -26.9 -264.2 -144.09999 -44.8 -233.6 -14.7
14.607 14.605 -26.9 -264.2 -144.0 -44.8 -233.6 -14.7
14.627 14.625 -26.9 -264.2 -144.0 -44.8 -233.6 -14.7
14.646 14.645 -26.9 -264.2 -144.0 -44.8 -233.6 -14.7
14.666 14.665 -26.9 -264.2 -143.9 -44.8 -233.6 -14.7
14.689 14.685 -26.9 -264.2 -143.9 -44.8 -233.6 -14.7
14.707 14.705 -27.0 -264.30002 -143.9 -44.8 -233.6 -14.7
14.727 14.725 -27.0 -264.2 -143.9 -44.8 -233.6 -14.7
14.746 14.745 -27.0 -264.2 -143.8 -44.8 -233.6 -14.7
14.766 14.765 -27.0 -264.30002 -143.9 -44.8 -233.6 -14.7
14.787 14.785 -27.0 -264.2 -143.8 -44.8 -233.6 -14.7
14.808 14.805 -27.0 -264.30002 -143.8 -44.8 -233.6 -14.7
14.827 14.825 -26.9 -264.2 -143.7 -44.8 -233.6 -14.7
14.846 14.845 -26.9 -264.2 -143.7 -44.8 -233.6 -14.7
14.867 14.865 -27.0 -264.2 -143.7 -44.8 -233.6 -14.7
14.887 14.885 -27.0 -264.2 -143.59999 -44.8 -233.6 -14.7
14.906 14.905 -27.0 -264.2 -143.59999 -44.8 -233.6 -14.7
14.926 14.925 -27.0 -264.30002 -143.5 -44.8 -233.6 -14.7
14.946 14.945 -27.0 -264.30002 -143.5 -44.8 -233.6 -14.7
14.966 14.965 -27.0 -264.30002 -143.5 -44.8 -233.6 -14.7
14.988 14.985 -27.0 -264.30002 -143.59999 -44.8 -233.6 -14.7
15.006 15.005 -27.0 -264.30002 -143.5 -44.8 -233.6 -14.7
15.026 15.025 -27.0 -264.30002 -143.5 -44.8 -233.6 -14.7
15.046 15.045 -26.9 -264.30002 -143.5 -44.8 -233.6 -14.7
15.067 15.065 -27.0 -264.30002 -143.5 -44.8 -233.6 -14.7
15.087 15.085 -27.0 -264.30002 -143.5 -44.8 -233.6 -14.7
15.107 15.105 -27.0 -264.30002 -143.5 -44.8 -233.6 -14.7
15.127 15.125 -27.0 -264.30002 -143.59999 -44.8 -233.6 -14.7
15.147 15.145 -27.0 -264.30002 -143.59999 -44.8 -233.6 -14.7
15.167 15.165 -27.099998 -264.4 -143.59999 -44.8 -233.6 -14.7
15.187 15.185 -27.099998 -264.4 -143.59999 -44.8 -233.6 -14.7
15.207 15.205 -27.0 -264.30002 -143.7 -44.8 -233.6 -14.7
15.227 15.225 -27.0 -264.4 -143.7 -44.8 -233.6 -14.7
15.247 15.245 -27.0 -264.4 -143.7 -44.8 -233.6 -14.7
15.267 15.265 -27.0 -264.4 -143.7 -44.8 -233.6 -14.7
15.287 15.285 -27.0 -264.30002 -143.7 -44.8 -233.6 -14.7
15.307 15.305 -27.0 -264.30002 -143.7 -44.8 -233.6 -14.7
15.327 15.325 -27.0 -264.4 -143.7 -44.8 -233.6 -14.7
15.347 15.345 -27.0 -264.4 -143.8 -44.8 -233.6 -14.7
15.367 15.365 -27.0 -264.4 -143.8 -44.8 -233.6 -14.7
15.387 15.385 -27.0 -264.4 -143.9 -44.8 -233.6 -14.7
15.407 15.405 -27.0 -264.4 -144.0 -44.8 -233.6 -14.7
15.426 15.425 -27.099998 -264.4 -144.09999 -44.8 -233.6 -14.7
15.447 15.445 -27.0 -264.4 -144.09999 -44.8 -233.6 -14.7
15.466 15.465 -27.0 -264.4 -144.09999 -44.8 -233.6 -14.7
15.487 15.485 -27.0 -264.4 -144.3 -44.8 -233.6 -14.7
15.507 15.505 -27.0 -264.30002 -144.3 -44.8 -233.6 -14.7
15.526 15.525 -26.9 -264.30002 -144.3 -44.8 -233.6 -14.7
15.546 15.545 -26.9 -264.30002 -144.3 -44.8 -233.6 -14.7
15.570 15.565 -26.9 -264.30002 -144.3 -44.8 -233.6 -14.7
15.587 15.585 -26.8 -264.30002 -144.3 -44.8 -233.6 -14.7
15.607 15.605 -26.9 -264.30002 -144.4 -44.8 -233.6 -14.7
15.627 15.625 -26.8 -264.30002 -144.4 -44.8 -233.6 -14.7
15.647 15.645 -26.9 -264.30002 -144.4 -44.8 -233.6 -14.7
15.667 15.665 -26.8 -264.30002 -144.3 -44.8 -233.6 -14.7
15.687 15.685 -26.8 -264.30002 -144.4 -44.8 -233.6 -14.7
15.707 15.705 -26.8 -264.30002 -144.3 -44.8 -233.6 -14.7
15.726 15.725 -26.8 -264.30002 -144.3 -44.8 -233.6 -14.7
15.746 15.745 -26.8 -264.30002 -144.3 -44.8 -233.6 -14.7
15.767 15.765 -26.8 -264.30002 -144.3 -44.8 -233.6 -14.7
15.787 15.785 -26.8 -264.30002 -144.3 -44.8 -233.6 -14.7
15.807 15.805 -26.8 -264.30002 -144.3 -44.8 -233.6 -14.7
15.827 15.825 -26.8 -264.30002 -144.3 -44.8 -233.6 -14.7
15.847 15.845 -26.8 -264.30002 -144.3 -44.8 -233.6 -14.7
15.869 15.865 -26.8 -264.30002 -144.2 -44.8 -233.6 -14.7
15.887 15.885 -26.8 -264.30002 -144.3 -44.8 -233.6 -14.7
15.907 15.905 -26.8 -264.30002 -144.3 -44.8 -233.6 -14.7
15.927 15.925 -26.699999 -264.2 -144.3 -44.8 -233.6 -14.7
15.947 15.945 -26.699999 -264.2 -144.2 -44.8 -233.6 -14.7
15.967 15.965 -26.699999 -264.2 -144.2 -44.8 -233.6 -14.7
15.987 15.985 -26.699999 -264.2 -144.2 -44.8 -233.6 -14.7
16.006 16.005 -26.699999 -264.2 -144.09999 -44.8 -233.6 -14.7
16.027 16.025 -26.699999 -264.2 -144.0 -44.8 -233.6 -14.7
16.047 16.045 -26.699999 -264.2 -144.09999 -44.8 -233.6 -14.7
16.066 16.065 -26.699999 -264.2 -144.0 -44.8 -233.6 -14.7
16.087 16.085 -26.699999 -264.2 -144.0 -44.8 -233.6 -14.7
16.106 16.105 -26.599998 -264.2 -144.0 -44.8 -233.6 -14.7
16.126 16.125 -26.599998 -264.2 -144.0 -44.8 -233.6 -14.7
16.146 16.145 -26.599998 -264.2 -144.09999 -44.8 -233.6 -14.7
16.168 16.165 -26.599998 -264.2 -144.09999 -44.8 -233.6 -14.7
16.187 16.185 -26.599998 -264.2 -144.09999 -44.8 -233.6 -14.7
16.207 16.205 -26.599998 -264.2 -144.09999 -44.8 -233.6 -14.7
16.227 16.225 -26.699999 -264.2 -144.09999 -44.8 -233.6 -14.7
16.247 16.245 -26.599998 -264.2 -144.0 -44.8 -233.6 -14.7
16.267 16.265 -26.699999 -264.2 -144.09999 -44.8 -233.6 -14.7
16.287 16.285 -26.699999 -264.2 -144.0 -44.8 -233.6 -14.7
16.307 16.305 -26.699999 -264.2 -144.09999 -44.8 -233.6 -14.7
16.327 16.325 -26.699999 -264.2 -144.0 -44.8 -233.6 -14.7
16.347 16.345 -26.699999 -264.2 -144.09999 -44.8 -233.6 -14.7
16.367 16.365 -26.599998 -264.1 -144.09999 -44.8 -233.6 -14.7
16.387 16.385 -26.599998 -264.1 -144.09999 -44.8 -233.6 -14.7
16.407 16.405 -26.599998 -264.1 -144.09999 -44.8 -233.6 -14.7
16.426 16.425 -26.599998 -264.1 -144.09999 -44.8 -233.6 -14.7
16.447 16.445 -26.699999 -264.1 -144.09999 -44.8 -233.6 -14.7
16.467 16.465 -26.699999 -264.1 -144.2 -44.8 -233.6 -14.7
16.487 16.485 -26.699999 -264.1 -144.09999 -44.8 -233.6 -14.7
16.507 16.505 -26.699999 -264.1 -144.09999 -44.8 -233.6 -14.7
16.527 16.525 -26.699999 -264.1 -144.09999 -44.8 -233.6 -14.7
16.547 16.545 -26.699999 -264.1 -144.09999 -44.8 -233.6 -14.7
16.567 16.565 -26.599998 -264.1 -144.2 -44.8 -233.6 -14.7
16.587 16.585 -26.599998 -264.1 -144.09999 -44.8 -233.6 -14.7
16.607 16.605 -26.699999 -264.1 -144.09999 -44.8 -233.6 -14.7
16.627 16.625 -26.599998 -264.1 -144.2 -44.8 -233.6 -14.7
16.646 16.645 -26.599998 -264.1 -144.2 -44.8 -233.6 -14.7
16.667 16.665 -26.599998 -264.1 -144.3 -44.8 -233.6 -14.7
16.687 16.685 -26.599998 -264.1 -144.3 -44.8 -233.6 -14.7
16.707 16.705 -26.699999 -264.1 -144.3 -44.8 -233.6 -14.7
16.727 16.725 -26.699999 -264.1 -144.3 -44.8 -233.6 -14.7
16.748 16.745 -26.699999 -264.1 -144.2 -44.8 -233.6 -14.7
16.766 16.765 -26.699999 -264.1 -144.2 -44.8 -233.6 -14.7
16.787 16.785 -26.699999 -264.2 -144.3 -44.8 -233.6 -14.7
16.807 16.805 -26.699999 -264.2 -144.2 -44.8 -233.6 -14.7
16.827 16.825 -26.699999 -264.2 -144.2 -44.8 -233.6 -14.7
16.849 16.845 -26.8 -264.2 -144.3 -44.8 -233.6 -14.7
16.867 16.865 -26.8 -264.1 -144.3 -44.8 -233.6 -14.7
16.887 16.885 -26.699999 -264.1 -144.3 -44.8 -233.6 -14.7
16.907 16.905 -26.8 -264.2 -144.4 -44.8 -233.6 -14.7
16.927 16.925 -26.8 -264.2 -144.4 -44.8 -233.6 -14.7
16.947 16.945 -26.8 -264.2 -144.3 -44.8 -233.6 -14.7
16.967 16.965 -26.8 -264.2 -144.3 -44.8 -233.6 -14.7
16.987 16.985 -26.8 -264.1 -144.3 -44.8 -233.6 -14.7
17.006 17.005 -26.8 -264.1 -144.3 -44.8 -233.6 -14.7
17.026 17.025 -26.8 -264.1 -144.3 -44.8 -233.6 -14.7
17.047 17.045 -26.8 -264.2 -144.3 -44.8 -233.6 -14.7
17.067 17.065 -26.8 -264.2 -144.3 -44.8 -233.6 -14.7
17.087 17.085 -26.8 -264.2 -144.3 -44.8 -233.6 -14.7
17.107 17.105 -26.8 -264.2 -144.3 -44.8 -233.6 -14.7
17.127 17.125 -26.8 -264.2 -144.4 -44.8 -233.6 -14.7
17.148 17.145 -26.8 -264.2 -144.4 -44.8 -233.6 -14.7
17.167 17.165 -26.9 -264.2 -144.3 -44.8 -233.6 -14.7
17.187 17.185 -26.9 -264.2 -144.4 -44.8 -233.6 -14.7
17.207 17.205 -26.8 -264.2 -144.4 -44.8 -233.6 -14.7
17.227 17.225 -26.9 -264.2 -144.3 -44.8 -233.6 -14.7
17.247 17.245 -26.9 -264.2 -144.3 -44.8 -233.6 -14.7
17.267 17.265 -27.0 -264.2 -144.3 -44.8 -233.6 -14.7
17.287 17.285 -27.0 -264.2 -144.3 -44.8 -233.6 -14.7
17.307 17.305 -27.0 -264.2 -144.3 -44.8 -233.6 -14.7
17.326 17.325 -27.0 -264.2 -144.2 -44.8 -233.6 -14.7
17.347 17.345 -27.099998 -264.2 -144.3 -44.8 -233.6 -14.7
17.367 17.365 -27.099998 -264.2 -144.3 -44.8 -233.6 -14.7
17.387 17.385 -27.0 -264.2 -144.2 -44.8 -233.6 -14.7
17.406 17.405 -27.0 -264.1 -144.09999 -44.8 -233.6 -14.7
17.430 17.425 -27.099998 -264.2 -144.09999 -44.8 -233.6 -14.7
17.447 17.445 -27.0 -264.2 -144.09999 -44.8 -233.6 -14.7
17.467 17.465 -27.0 -264.2 -144.0 -44.8 -233.6 -14.7
17.487 17.485 -27.0 -264.2 -144.0 -44.8 -233.6 -14.7
17.507 17.505 -27.0 -264.1 -144.0 -44.8 -233.6 -14.7
17.527 17.525 -27.0 -264.1 -144.0 -44.8 -233.6 -14.7
17.547 17.545 -27.0 -264.2 -144.0 -44.8 -233.6 -14.7
17.567 17.565 -27.0 -264.2 -143.9 -44.8 -233.6 -14.7
17.587 17.585 -27.0 -264.2 -144.0 -44.8 -233.6 -14.7
17.607 17.605 -27.0 -264.2 -144.0 -44.8 -233.6 -14.7
17.627 17.625 -27.0 -264.2 -144.0 -44.8 -233.6 -14.7
17.646 17.645 -27.0 -264.2 -144.09999 -44.8 -233.6 -14.7
17.667 17.665 -27.0 -264.2 -144.09999 -44.8 -233.6 -14.7
17.687 17.685 -27.0 -264.2 -144.09999 -44.8 -233.6 -14.7
17.707 17.705 -27.0 -264.2 -144.09999 -44.8 -233.6 -14.7
17.729 17.725 -27.0 -264.2 -144.2 -44.8 -233.6 -14.7
17.747 17.745 -26.9 -264.2 -144.2 -44.8 -233.6 -14.7
17.767 17.765 -26.9 -264.2 -144.2 -44.8 -233.6 -14.7
17.787 17.785 -27.0 -264.2 -144.09999 -44.8 -233.6 -14.7
17.807 17.805 -27.0 -264.2 -144.09999 -44.8 -233.6 -14.7
17.826 17.825 -26.9 -264.2 -144.2 -44.8 -233.6 -14.7
17.847 17.845 -26.9 -264.2 -144.2 -44.8 -233.6 -14.7
17.867 17.865 -26.9 -264.2 -144.2 -44.8 -233.6 -14.7
17.887 17.885 -26.9 -264.2 -144.2 -44.8 -233.6 -14.7
17.907 17.905 -26.9 -264.2 -144.2 -44.8 -233.6 -14.7
17.927 17.925 -26.9 -264.2 -144.3 -44.8 -233.6 -14.7
17.947 17.945 -26.8 -264.2 -144.3 -44.8 -233.6 -14.7
17.967 17.965 -26.8 -264.2 -144.3 -44.8 -233.6 -14.7
17.987 17.985 -26.8 -264.2 -144.4 -44.8 -233.6 -14.7
18.007 18.005 -26.8 -264.2 -144.4 -44.8 -233.6 -14.7
18.028 18.025 -26.8 -264.2 -144.5 -44.8 -233.6 -14.7
18.047 18.045 -26.8 -264.2 -144.5 -44.8 -233.6 -14.7
18.067 18.065 -26.8 -264.2 -144.59999 -44.8 -233.6 -14.7
18.086 18.085 -26.699999 -264.2 -144.5 -44.8 -233.6 -14.7
18.107 18.105 -26.699999 -264.2 -144.5 -44.8 -233.6 -14.7
18.127 18.125 -26.699999 -264.2 -144.5 -44.8 -233.6 -14.7
18.148 18.145 -26.699999 -264.2 -144.5 -44.8 -233.6 -14.7
18.167 18.165 -26.699999 -264.2 -144.5 -44.8 -233.6 -14.7
18.187 18.185 -26.699999 -264.2 -144.4 -44.8 -233.6 -14.7
18.207 18.205 -26.699999 -264.2 -144.4 -44.8 -233.6 -14.7
18.227 18.225 -26.699999 -264.1 -144.5 -44.8 -233.6 -14.7
18.247 18.245 -26.699999 -264.1 -144.5 -44.8 -233.6 -14.7
18.267 18.265 -26.699999 -264.1 -144.5 -44.8 -233.6 -14.7
18.287 18.285 -26.8 -264.1 -144.4 -44.8 -233.6 -14.7
18.307 18.305 -26.8 -264.1 -144.3 -44.8 -233.6 -14.7
18.327 18.325 -26.8 -264.1 -144.2 -44.8 -233.6 -14.7
18.347 18.345 -26.8 -264.1 -144.2 -44.8 -233.6 -14.7
18.367 18.365 -26.8 -264.1 -144.09999 -44.8 -233.6 -14.7
18.386 18.385 -26.699999 -264.0 -144.09999 -44.8 -233.6 -14.7
18.407 18.405 -26.699999 -264.0 -144.09999 -44.8 -233.6 -14.7
18.426 18.425 -26.8 -264.0 -144.0 -44.8 -233.6 -14.7
18.447 18.445 -26.699999 -264.0 -144.09999 -44.8 -233.6 -14.7
18.467 18.465 -26.699999 -264.0 -144.09999 -44.8 -233.6 -14.7
18.487 18.485 -26.699999 -264.0 -144.2 -44.8 -233.6 -14.7
18.506 18.505 -26.699999 -264.0 -144.09999 -44.8 -233.6 -14.7
18.526 18.525 -26.699999 -264.0 -144.09999 -44.8 -233.6 -14.7
18.547 18.545 -26.699999 -264.0 -144.0 -44.8 -233.6 -14.7
18.567 18.565 -26.699999 -264.0 -144.0 -44.8 -233.6 -14.7
18.587 18.585 -26.699999 -264.0 -144.0 -44.8 -233.6 -14.7
18.607 18.605 -26.699999 -264.0 -144.0 -44.8 -233.6 -14.7
18.627 18.625 -26.699999 -264.0 -144.0 -44.8 -233.6 -14.7
18.647 18.645 -26.699999 -264.0 -144.0 -44.8 -233.6 -14.7
18.666 18.665 -26.699999 -264.0 -144.0 -44.8 -233.6 -14.7
18.687 18.685 -26.8 -264.0 -144.0 -44.8 -233.6 -14.7
18.707 18.705 -26.8 -264.0 -144.0 -44.8 -233.6 -14.7
18.727 18.725 -26.8 -264.0 -144.0 -44.8 -233.6 -14.7
18.747 18.745 -26.8 -264.1 -144.0 -44.8 -233.6 -14.7
18.767 18.765 -26.8 -264.1 -144.0 -44.8 -233.6 -14.7
18.787 18.785 -26.8 -264.1 -144.09999 -44.8 -233.6 -14.7
18.806 18.805 -26.8 -264.1 -144.09999 -44.8 -233.6 -14.7
18.826 18.825 -26.8 -264.0 -144.0 -44.8 -233.6 -14.7
18.847 18.845 -26.8 -264.0 -143.9 -44.8 -233.6 -14.7
18.867 18.865 -26.699999 -264.0 -144.0 -44.8 -233.6 -14.7
18.886 18.885 -26.699999 -264.0 -143.9 -44.8 -233.6 -14.7
18.907 18.905 -26.699999 -264.0 -144.0 -44.8 -233.6 -14.7
18.927 18.925 -26.699999 -264.0 -144.0 -44.8 -233.6 -14.7
18.947 18.945 -26.8 -264.1 -144.09999 -44.8 -233.6 -14.7
18.967 18.965 -26.699999 -264.1 -144.09999 -44.8 -233.6 -14.7
18.987 18.985 -26.8 -264.1 -144.09999 -44.8 -233.6 -14.7
19.007 19.005 -26.8 -264.1 -144.09999 -44.8 -233.6 -14.7
19.027 19.025 -26.699999 -264.1 -144.2 -44.8 -233.6 -14.7
19.047 19.045 -26.699999 -264.1 -144.2 -44.8 -233.6 -14.7
19.067 19.065 -26.699999 -264.1 -144.2 -44.8 -233.6 -14.7
19.087 19.085 -26.699999 -264.1 -144.0 -44.8 -233.6 -14.7
19.107 19.105 -26.699999 -264.1 -144.09999 -44.8 -233.6 -14.7
19.127 19.125 -26.699999 -264.1 -144.09999 -44.8 -233.6 -14.7
19.147 19.145 -26.8 -264.1 -144.2 -44.8 -233.6 -14.7
19.167 19.165 -26.8 -264.1 -144.09999 -44.8 -233.6 -14.7
19.187 19.185 -26.8 -264.1 -144.09999 -44.8 -233.6 -14.7
19.208 19.205 -26.8 -264.1 -144.0 -44.8 -233.6 -14.7
19.226 19.225 -26.8 -264.2 -144.0 -44.8 -233.6 -14.7
19.246 19.245 -26.8 -264.2 -144.0 -44.8 -233.6 -14.7
19.267 19.265 -26.8 -264.1 -143.9 -44.8 -233.6 -14.7
19.286 19.285 -26.699999 -264.1 -143.9 -44.8 -233.6 -14.7
19.307 19.305 -26.8 -264.1 -143.9 -44.8 -233.6 -14.7
19.327 19.325 -26.699999 -264.1 -144.0 -44.8 -233.6 -14.7
19.346 19.345 -26.8 -264.1 -144.0 -44.8 -233.6 -14.7
19.367 19.365 -26.8 -264.0 -144.0 -44.8 -233.6 -14.7
19.386 19.385 -26.8 -264.0 -143.9 -44.8 -233.6 -14.7
19.406 19.405 -26.8 -264.0 -143.9 -44.8 -233.6 -14.7
19.427 19.425 -26.8 -264.1 -143.8 -44.8 -233.6 -14.7
19.446 19.445 -26.8 -264.1 -143.9 -44.8 -233.6 -14.7
19.467 19.465 -26.8 -264.1 -143.8 -44.8 -233.6 -14.7
19.489 19.485 -26.8 -264.1 -143.9 -44.8 -233.6 -14.7
19.507 19.505 -26.8 -264.1 -143.8 -44.8 -233.6 -14.7
19.527 19.525 -26.8 -264.1 -143.9 -44.8 -233.6 -14.7
19.547 19.545 -26.8 -264.1 -143.9 -44.8 -233.6 -14.7
19.566 19.565 -26.8 -264.1 -143.9 -44.8 -233.6 -14.7
19.589 19.585 -26.8 -264.1 -143.9 -44.8 -233.6 -14.7
19.607 19.605 -26.8 -264.1 -143.9 -44.8 -233.6 -14.7
19.627 19.625 -26.8 -264.1 -143.9 -44.8 -233.6 -14.7
19.647 19.645 -26.8 -264.1 -143.9 -44.8 -233.6 -14.7
19.667 19.665 -26.8 -264.1 -143.9 -44.8 -233.6 -14.7
19.687 19.685 -26.8 -264.1 -143.9 -44.8 -233.6 -14.7
19.707 19.705 -26.9 -264.1 -143.9 -44.8 -233.6 -14.7
19.727 19.725 -26.9 -264.1 -143.9 -44.8 -233.6 -14.7
19.747 19.745 -26.8 -264.1 -143.9 -44.8 -233.6 -14.7
19.767 19.765 -26.8 -264.1 -143.9 -44.8 -233.6 -14.7
19.787 19.785 -26.8 -264.1 -143.9 -44.8 -233.6 -14.7
19.807 19.805 -26.8 -264.1 -144.0 -44.8 -233.6 -14.7
19.827 19.825 -26.8 -264.1 -144.09999 -44.8 -233.6 -14.7
19.847 19.845 -26.8 -264.1 -144.09999 -44.8 -233.6 -14.7
19.867 19.865 -26.8 -264.1 -144.09999 -44.8 -233.6 -14.7
19.887 19.885 -26.8 -264.1 -144.09999 -44.8 -233.6 -14.7
19.907 19.905 -26.8 -264.1 -144.09999 -44.8 -233.6 -14.7
19.927 19.925 -26.8 -264.1 -144.0 -44.8 -233.6 -14.7
19.948 19.945 -26.8 -264.1 -144.0 -44.8 -233.6 -14.7
19.966 19.965 -26.8 -264.1 -144.0 -44.8 -233.6 -14.7
19.986 19.985 -26.8 -264.1 -144.0 -44.8 -233.6 -14.7
20.006 20.005 -26.699999 -264.1 -144.0 -44.8 -233.6 -14.7
20.026 20.025 -26.699999 -264.1 -144.09999 -44.8 -233.6 -14.7
20.046 20.045 -26.699999 -264.1 -144.09999 -44.8 -233.6 -14.7
20.067 20.065 -26.699999 -264.1 -144.09999 -44.8 -233.6 -14.7
20.087 20.085 -26.699999 -264.1 -144.09999 -44.8 -233.6 -14.7
20.107 20.105 -26.699999 -264.1 -144.09999 -44.8 -233.6 -14.7
20.127 20.125 -26.699999 -264.1 -144.09999 -44.8 -233.6 -14.7
20.147 20.145 -26.699999 -264.1 -144.09999 -44.8 -233.6 -14.7
20.167 20.165 -26.8 -264.1 -144.09999 -44.8 -233.6 -14.7
20.188 20.185 -26.8 -264.1 -144.09999 -44.8 -233.6 -14.7
20.206 20.205 -26.8 -264.1 -144.0 -44.8 -233.6 -14.7
20.226 20.225 -26.699999 -264.1 -144.0 -44.8 -233.6 -14.7
20.246 20.245 -26.699999 -264.1 -144.09999 -44.8 -233.6 -14.7
20.267 20.265 -26.699999 -264.1 -144.0 -44.8 -233.6 -14.7
20.286 20.285 -26.699999 -264.1 -144.0 -44.8 -233.6 -14.7
20.307 20.305 -26.699999 -264.1 -144.0 -44.8 -233.6 -14.7
20.327 20.325 -26.699999 -264.1 -144.0 -44.8 -233.6 -14.7
20.347 20.345 -26.8 -264.1 -144.0 -44.8 -233.6 -14.7
20.367 20.365 -26.8 -264.2 -144.09999 -44.8 -233.6 -14.7
20.387 20.385 -26.8 -264.2 -144.09999 -44.8 -233.6 -14.7
20.407 20.405 -26.8 -264.2 -144.0 -44.8 -233.6 -14.7
20.427 20.425 -26.8 -264.2 -144.0 -44.8 -233.6 -14.7
20.447 20.445 -26.8 -264.1 -144.0 -44.8 -233.6 -14.7
20.467 20.465 -26.8 -264.1 -144.0 -44.8 -233.6 -14.7
20.487 20.485 -26.8 -264.1 -144.0 -44.8 -233.6 -14.7
20.507 20.505 -26.8 -264.1 -144.0 -44.8 -233.6 -14.7
20.526 20.525 -26.8 -264.1 -144.0 -44.8 -233.6 -14.7
20.547 20.545 -26.8 -264.1 -144.0 -44.8 -233.6 -14.7
20.567 20.565 -26.699999 -264.1 -144.0 -44.8 -233.6 -14.7
20.586 20.585 -26.8 -264.1 -144.0 -44.8 -233.6 -14.7
20.607 20.605 -26.8 -264.1 -144.0 -44.8 -233.6 -14.7
20.627 20.625 -26.8 -264.1 -143.9 -44.8 -233.6 -14.7
20.648 20.645 -26.8 -264.1 -144.0 -44.8 -233.6 -14.7
20.667 20.665 -26.699999 -264.1 -143.9 -44.8 -233.6 -14.7
20.687 20.685 -26.699999 -264.1 -143.9 -44.8 -233.6 -14.7
20.707 20.705 -26.8 -264.1 -143.9 -44.8 -233.6 -14.7
20.727 20.725 -26.8 -264.1 -143.8 -44.8 -233.6 -14.7
20.747 20.745 -26.8 -264.1 -143.8 -44.8 -233.6 -14.7
20.770 20.765 -26.699999 -264.1 -143.9 -44.8 -233.6 -14.7
20.787 20.785 -26.699999 -264.1 -143.9 -44.8 -233.6 -14.7
20.807 20.805 -26.8 -264.1 -143.9 -44.8 -233.6 -14.7
20.827 20.825 -26.8 -264.1 -143.9 -44.8 -233.6 -14.7
20.847 20.845 -26.699999 -264.1 -143.9 -44.8 -233.6 -14.7
20.867 20.865 -26.699999 -264.1 -143.9 -44.8 -233.6 -14.7
20.886 20.885 -26.699999 -264.1 -143.9 -44.8 -233.6 -14.7
20.906 20.905 -26.699999 -264.1 -143.9 -44.8 -233.6 -14.7
20.926 20.925 -26.699999 -264.0 -143.9 -44.8 -233.6 -14.7
20.946 20.945 -26.599998 -264.0 -143.9 -44.8 -233.6 -14.7
20.967 20.965 -26.599998 -264.0 -143.9 -44.8 -233.6 -14.7
20.986 20.985 -26.599998 -264.0 -143.9 -44.8 -233.6 -14.7
21.007 21.005 -26.599998 -264.0 -143.9 -44.8 -233.6 -14.7
21.027 21.025 -26.599998 -264.0 -143.9 -44.8 -233.6 -14.7
21.047 21.045 -26.699999 -264.0 -143.9 -44.8 -233.6 -14.7
21.068 21.065 -26.699999 -264.0 -143.9 -44.8 -233.6 -14.7
21.087 21.085 -26.699999 -264.0 -143.9 -44.8 -233.6 -14.7
21.106 21.105 -26.699999 -264.0 -143.9 -44.8 -233.6 -14.7
21.127 21.125 -26.699999 -264.0 -143.9 -44.8 -233.6 -14.7
21.147 21.145 -26.699999 -264.0 -144.0 -44.8 -233.6 -14.7
21.167 21.165 -26.699999 -264.0 -144.0 -44.8 -233.6 -14.7
21.187 21.185 -26.699999 -264.0 -144.0 -44.8 -233.6 -14.7
21.207 21.205 -26.699999 -264.0 -144.0 -44.8 -233.6 -14.7
21.227 21.225 -26.699999 -264.0 -144.0 -44.8 -233.6 -14.7
21.247 21.245 -26.8 -264.0 -143.9 -44.8 -233.6 -14.7
21.267 21.265 -26.8 -264.0 -143.9 -44.8 -233.6 -14.7
21.287 21.285 -26.8 -264.0 -143.9 -44.8 -233.6 -14.7
21.307 21.305 -26.8 -264.1 -143.9 -44.8 -233.6 -14.7
21.326 21.325 -26.699999 -264.0 -144.0 -44.8 -233.6 -14.7
21.346 21.345 -26.699999 -264.1 -143.9 -44.8 -233.6 -14.7
21.366 21.365 -26.699999 -264.0 -143.9 -44.8 -233.6 -14.7
21.387 21.385 -26.699999 -264.0 -143.9 -44.8 -233.6 -14.7
21.407 21.405 -26.699999 -264.0 -143.9 -44.8 -233.6 -14.7
21.427 21.425 -26.699999 -264.0 -144.0 -44.8 -233.6 -14.7
21.447 21.445 -26.699999 -264.0 -143.9 -44.8 -233.6 -14.7
21.467 21.465 -26.699999 -264.0 -143.9 -44.8 -233.6 -14.7
21.488 21.485 -26.699999 -264.0 -143.9 -44.8 -233.6 -14.7
21.507 21.505 -26.699999 -264.0 -143.8 -44.8 -233.6 -14.7
21.526 21.525 -26.8 -264.0 -143.8 -44.8 -233.6 -14.7
21.547 21.545 -26.8 -264.0 -143.8 -44.8 -233.6 -14.7
21.567 21.565 -26.8 -264.0 -143.8 -44.8 -233.6 -14.7
21.587 21.585 -26.699999 -264.0 -143.7 -44.8 -233.6 -14.7
21.607 21.605 -26.8 -264.0 -143.8 -44.8 -233.6 -14.7
21.627 21.625 -26.8 -264.1 -143.8 -44.8 -233.6 -14.7
21.647 21.645 -26.8 -264.1 -143.8 -44.8 -233.6 -14.7
21.667 21.665 -26.699999 -264.1 -143.8 -44.8 -233.6 -14.7
21.687 21.685 -26.699999 -264.1 -143.8 -44.8 -233.6 -14.7
21.707 21.705 -26.699999 -264.1 -143.8 -44.8 -233.6 -14.7
21.727 21.725 -26.699999 -264.1 -143.8 -44.8 -233.6 -14.7
21.747 21.745 -26.699999 -264.1 -143.8 -44.8 -233.6 -14.7
21.767 21.765 -26.699999 -264.1 -143.9 -44.8 -233.6 -14.7
21.787 21.785 -26.699999 -264.1 -143.8 -44.8 -233.6 -14.7
21.807 21.805 -26.699999 -264.1 -143.9 -44.8 -233.6 -14.7
21.827 21.825 -26.699999 -264.2 -143.9 -44.8 -233.6 -14.7
21.847 21.845 -26.699999 -264.2 -144.0 -44.8 -233.6 -14.7
21.867 21.865 -26.699999 -264.2 -144.0 -44.8 -233.6 -14.7
21.887 21.885 -26.699999 -264.1 -144.0 -44.8 -233.6 -14.7
21.907 21.905 -26.699999 -264.1 -144.0 -44.8 -233.6 -14.7
21.927 21.925 -26.699999 -264.1 -144.0 -44.8 -233.6 -14.7
21.947 21.945 -26.699999 -264.1 -144.0 -44.8 -233.6 -14.7
21.967 21.965 -26.699999 -264.1 -144.0 -44.8 -233.6 -14.7
21.987 21.985 -26.699999 -264.2 -144.09999 -44.8 -233.6 -14.7
22.007 22.005 -26.699999 -264.2 -144.09999 -44.8 -233.6 -14.7
22.027 22.025 -26.699999 -264.1 -144.09999 -44.8 -233.6 -14.7
22.047 22.045 -26.699999 -264.1 -144.09999 -44.8 -233.6 -14.7
22.067 22.065 -26.699999 -264.2 -144.09999 -44.8 -233.6 -14.7
22.087 22.085 -26.699999 -264.1 -144.2 -44.8 -233.6 -14.7
22.106 22.105 -26.8 -264.2 -144.2 -44.8 -233.6 -14.7
22.126 22.125 -26.8 -264.2 -144.3 -44.8 -233.6 -14.7
22.147 22.145 -26.8 -264.2 -144.3 -44.8 -233.6 -14.7
22.167 22.165 -26.8 -264.2 -144.3 -44.8 -233.6 -14.7
22.186 22.185 -26.8 -264.1 -144.3 -44.8 -233.6 -14.7
22.206 22.205 -26.8 -264.1 -144.4 -44.8 -233.6 -14.7
22.226 22.225 -26.8 -264.1 -144.3 -44.8 -233.6 -14.7
22.246 22.245 -26.8 -264.1 -144.2 -44.8 -233.6 -14.7
22.267 22.265 -26.8 -264.1 -144.3 -44.8 -233.6 -14.7
22.287 22.285 -26.9 -264.1 -144.3 -44.8 -233.6 -14.7
22.306 22.305 -26.9 -264.2 -144.3 -44.8 -233.6 -14.7
22.327 22.325 -26.9 -264.2 -144.3 -44.8 -233.6 -14.7
22.346 22.345 -26.8 -264.2 -144.2 -44.8 -233.6 -14.7
22.367 22.365 -26.8 -264.2 -144.2 -44.8 -233.6 -14.7
22.386 22.385 -26.8 -264.1 -144.3 -44.8 -233.6 -14.7
22.407 22.405 -26.8 -264.1 -144.2 -44.8 -233.6 -14.7
22.426 22.425 -26.8 -264.1 -144.3 -44.8 -233.6 -14.7
22.447 22.445 -26.8 -264.1 -144.2 -44.8 -233.6 -14.7
22.467 22.465 -26.8 -264.1 -144.2 -44.8 -233.6 -14.7
22.487 22.485 -26.8 -264.1 -144.3 -44.8 -233.6 -14.7
22.507 22.505 -26.9 -264.1 -144.3 -44.8 -233.6 -14.7
22.527 22.525 -26.8 -264.1 -144.2 -44.8 -233.6 -14.7
22.547 22.545 -26.8 -264.1 -144.2 -44.8 -233.6 -14.7
22.567 22.565 -26.8 -264.1 -144.2 -44.8 -233.6 -14.7
22.587 22.585 -26.8 -264.1 -144.2 -44.8 -233.6 -14.7
22.607 22.605 -26.8 -264.1 -144.2 -44.8 -233.6 -14.7
22.629 22.625 -26.8 -264.1 -144.2 -44.8 -233.6 -14.7
22.647 22.645 -26.8 -264.2 -144.09999 -44.8 -233.6 -14.7
22.667 22.665 -26.8 -264.2 -144.09999 -44.8 -233.6 -14.7
22.687 22.685 -26.8 -264.2 -144.09999 -44.8 -233.6 -14.7
22.707 22.705 -26.8 -264.2 -144.09999 -44.8 -233.6 -14.7
22.727 22.725 -26.8 -264.2 -144.09999 -44.8 -233.6 -14.7
22.747 22.745 -26.8 -264.2 -144.09999 -44.8 -233.6 -14.7
22.767 22.765 -26.8 -264.2 -144.09999 -44.8 -233.6 -14.7
22.787 22.785 -26.9 -264.30002 -144.09999 -44.8 -233.6 -14.7
22.806 22.805 -26.8 -264.30002 -144.09999 -44.8 -233.6 -14.7
22.826 22.825 -26.8 -264.2 -144.09999 -44.8 -233.6 -14.7
22.847 22.845 -26.8 -264.2 -144.09999 -44.8 -233.6 -14.7
22.867 22.865 -26.8 -264.30002 -144.09999 -44.8 -233.6 -14.7
22.887 22.885 -26.8 -264.30002 -144.2 -44.8 -233.6 -14.7
22.907 22.905 -26.8 -264.30002 -144.09999 -44.8 -233.6 -14.7
22.929 22.925 -26.8 -264.30002 -144.2 -44.8 -233.6 -14.7
22.947 22.945 -26.8 -264.2 -144.2 -44.8 -233.6 -14.7
22.966 22.965 -26.8 -264.2 -144.2 -44.8 -233.6 -14.7
22.987 22.985 -26.8 -264.2 -144.09999 -44.8 -233.6 -14.7
23.007 23.005 -26.8 -264.2 -144.2 -44.8 -233.6 -14.7
23.027 23.025 -26.8 -264.2 -144.2 -44.8 -233.6 -14.7
23.047 23.045 -26.8 -264.2 -144.2 -44.8 -233.6 -14.7
23.067 23.065 -26.8 -264.2 -144.2 -44.8 -233.6 -14.7
23.086 23.085 -26.8 -264.2 -144.2 -44.8 -233.6 -14.7
23.107 23.105 -26.8 -264.2 -144.09999 -44.8 -233.6 -14.7
23.127 23.125 -26.8 -264.2 -144.09999 -44.8 -233.6 -14.7
23.146 23.145 -26.8 -264.2 -144.09999 -44.8 -233.6 -14.7
23.167 23.165 -26.8 -264.2 -144.09999 -44.8 -233.6 -14.7
23.187 23.185 -26.9 -264.2 -144.09999 -44.8 -233.6 -14.7
23.207 23.205 -26.8 -264.2 -144.09999 -44.8 -233.6 -14.7
23.228 23.225 -26.9 -264.1 -144.09999 -44.8 -233.6 -14.7
23.247 23.245 -26.9 -264.1 -144.09999 -44.8 -233.6 -14.7
23.267 23.265 -26.8 -264.1 -144.09999 -44.8 -233.6 -14.7
23.287 23.285 -26.8 -264.1 -144.09999 -44.8 -233.6 -14.7
23.307 23.305 -26.8 -264.1 -144.09999 -44.8 -233.6 -14.7
23.327 23.325 -26.699999 -264.1 -144.09999 -44.8 -233.6 -14.7
23.347 23.345 -26.699999 -264.1 -144.09999 -44.8 -233.6 -14.7
23.367 23.365 -26.699999 -264.0 -144.09999 -44.8 -233.6 -14.7
23.386 23.385 -26.599998 -264.0 -144.09999 -44.8 -233.6 -14.7
23.407 23.405 -26.599998 -264.0 -144.09999 -44.8 -233.6 -14.7
23.427 23.425 -26.599998 -264.1 -144.09999 -44.8 -233.6 -14.7
23.447 23.445 -26.599998 -264.0 -144.09999 -44.8 -233.6 -14.7
23.467 23.465 -26.699999 -264.0 -144.09999 -44.8 -233.6 -14.7
23.487 23.485 -26.599998 -264.0 -144.0 -44.8 -233.6 -14.7
23.510 23.505 -26.599998 -264.0 -144.09999 -44.8 -233.6 -14.7
23.528 23.525 -26.599998 -264.0 -144.0 -44.8 -233.6 -14.7
23.547 23.545 -26.699999 -264.0 -144.0 -44.8 -233.6 -14.7
23.567 23.565 -26.699999 -264.0 -144.0 -44.8 -233.6 -14.7
23.587 23.585 -26.699999 -264.0 -144.0 -44.8 -233.6 -14.7
23.607 23.605 -26.599998 -264.0 -143.9 -44.8 -233.6 -14.7
23.627 23.625 -26.599998 -264.0 -143.9 -44.8 -233.6 -14.7
23.647 23.645 -26.599998 -264.0 -143.9 -44.8 -233.6 -14.7
23.667 23.665 -26.599998 -264.1 -143.8 -44.8 -233.6 -14.7
23.687 23.685 -26.599998 -264.1 -143.9 -44.8 -233.6 -14.7
23.706 23.705 -26.599998 -264.1 -143.9 -44.8 -233.6 -14.7
23.727 23.725 -26.699999 -264.1 -143.9 -44.8 -233.6 -14.7
23.747 23.745 -26.699999 -264.1 -143.9 -44.8 -233.6 -14.7
23.767 23.765 -26.599998 -264.1 -143.9 -44.8 -233.6 -14.7
23.787 23.785 -26.599998 -264.1 -143.9 -44.8 -233.6 -14.7
23.807 23.805 -26.599998 -264.1 -143.9 -44.8 -233.6 -14.7
23.827 23.825 -26.599998 -264.1 -143.9 -44.8 -233.6 -14.7
23.847 23.845 -26.699999 -264.2 -143.9 -44.8 -233.6 -14.7
23.867 23.865 -26.599998 -264.2 -143.9 -44.8 -233.6 -14.7
23.886 23.885 -26.699999 -264.2 -143.8 -44.8 -233.6 -14.7
23.907 23.905 -26.699999 -264.2 -143.8 -44.8 -233.6 -14.7
23.927 23.925 -26.8 -264.2 -143.9 -44.8 -233.6 -14.7
23.947 23.945 -26.8 -264.2 -143.8 -44.8 -233.6 -14.7
23.966 23.965 -26.8 -264.2 -143.9 -44.8 -233.6 -14.7
23.987 23.985 -26.8 -264.2 -143.9 -44.8 -233.6 -14.7
24.007 24.005 -26.9 -264.2 -143.8 -44.8 -233.6 -14.7
24.027 24.025 -26.9 -264.2 -143.9 -44.8 -233.6 -14.7
24.047 24.045 -26.9 -264.2 -143.9 -44.8 -233.6 -14.7
24.067 24.065 -26.9 -264.2 -143.9 -44.8 -233.6 -14.7
24.087 24.085 -26.9 -264.2 -143.9 -44.8 -233.6 -14.7
24.109 24.105 -26.8 -264.2 -143.9 -44.8 -233.6 -14.7
24.127 24.125 -26.8 -264.2 -143.9 -44.8 -233.6 -14.7
24.147 24.145 -26.8 -264.2 -144.0 -44.8 -233.6 -14.7
24.167 24.165 -26.8 -264.2 -144.09999 -44.8 -233.6 -14.7
24.187 24.185 -26.8 -264.2 -144.09999 -44.8 -233.6 -14.7
24.207 24.205 -26.699999 -264.2 -144.2 -44.8 -233.6 -14.7
24.227 24.225 -26.8 -264.1 -144.2 -44.8 -233.6 -14.7
24.247 24.245 -26.8 -264.1 -144.2 -44.8 -233.6 -14.7
24.266 24.265 -26.8 -264.1 -144.2 -44.8 -233.6 -14.7
24.287 24.285 -26.8 -264.1 -144.2 -44.8 -233.6 -14.7
24.307 24.305 -26.8 -264.1 -144.2 -44.8 -233.6 -14.7
24.327 24.325 -26.699999 -264.1 -144.2 -44.8 -233.6 -14.7
24.347 24.345 -26.699999 -264.1 -144.2 -44.8 -233.6 -14.7
24.367 24.365 -26.8 -264.1 -144.2 -44.8 -233.6 -14.7
24.387 24.385 -26.8 -264.1 -144.2 -44.8 -233.6 -14.7
24.407 24.405 -26.8 -264.1 -144.3 -44.8 -233.6 -14.7
24.427 24.425 -26.699999 -264.1 -144.3 -44.8 -233.6 -14.7
24.446 24.445 -26.699999 -264.1 -144.3 -44.8 -233.6 -14.7
24.466 24.465 -26.699999 -264.1 -144.3 -44.8 -233.6 -14.7
24.487 24.485 -26.8 -264.1 -144.4 -44.8 -233.6 -14.7
24.507 24.505 -26.8 -264.1 -144.4 -44.8 -233.6 -14.7
24.527 24.525 -26.8 -264.1 -144.3 -44.8 -233.6 -14.7
24.546 24.545 -26.8 -264.1 -144.3 -44.8 -233.6 -14.7
24.567 24.565 -26.8 -264.1 -144.2 -44.8 -233.6 -14.7
24.587 24.585 -26.8 -264.1 -144.2 -44.8 -233.6 -14.7
24.607 24.605 -26.8 -264.1 -144.3 -44.8 -233.6 -14.7
24.627 24.625 -26.8 -264.1 -144.2 -44.8 -233.6 -14.7
24.646 24.645 -26.8 -264.1 -144.2 -44.8 -233.6 -14.7
24.667 24.665 -26.8 -264.1 -144.3 -44.8 -233.6 -14.7
24.686 24.685 -26.8 -264.1 -144.2 -44.8 -233.6 -14.7
24.707 24.705 -26.9 -264.1 -144.2 -44.8 -233.6 -14.7
24.727 24.725 -26.9 -264.1 -144.2 -44.8 -233.6 -14.7
24.747 24.745 -26.9 -264.1 -144.2 -44.8 -233.6 -14.7
24.766 24.765 -26.9 -264.1 -144.09999 -44.8 -233.6 -14.7
24.789 24.785 -26.9 -264.1 -144.09999 -44.8 -233.6 -14.7
24.807 24.805 -26.9 -264.1 -144.09999 -44.8 -233.6 -14.7
24.828 24.825 -26.9 -264.1 -144.0 -44.8 -233.6 -14.7
24.847 24.845 -26.9 -264.2 -144.0 -44.8 -233.6 -14.7
24.866 24.865 -26.9 -264.2 -144.0 -44.8 -233.6 -14.7
24.886 24.885 -26.9 -264.2 -144.0 -44.8 -233.6 -14.7
24.907 24.905 -26.9 -264.2 -144.0 -44.8 -233.6 -14.7
24.927 24.925 -26.9 -264.2 -144.0 -44.8 -233.6 -14.7
24.947 24.945 -26.9 -264.1 -144.0 -44.8 -233.6 -14.7
24.967 24.965 -26.9 -264.1 -144.0 -44.8 -233.6 -14.7
24.987 24.985 -26.9 -264.1 -144.0 -44.8 -233.6 -14.7
25.007 25.005 -26.9 -264.1 -144.0 -44.8 -233.6 -14.7
25.027 25.025 -26.9 -264.1 -144.0 -44.8 -233.6 -14.7
25.047 25.045 -26.9 -264.1 -144.0 -44.8 -233.6 -14.7
25.067 25.065 -27.0 -264.1 -144.0 -44.8 -233.6 -14.7
25.087 25.085 -26.9 -264.1 -144.0 -44.8 -233.6 -14.7
25.107 25.105 -26.9 -264.1 -144.0 -44.8 -233.6 -14.7
25.127 25.125 -26.9 -264.0 -144.0 -44.8 -233.6 -14.7
25.147 25.145 -26.8 -264.0 -144.0 -44.8 -233.6 -14.7
25.167 25.165 -26.9 -264.0 -144.0 -44.8 -233.6 -14.7
25.187 25.185 -26.9 -264.0 -144.0 -44.8 -233.6 -14.7
25.207 25.205 -26.8 -264.0 -144.0 -44.8 -233.6 -14.7
25.227 25.225 -26.8 -264.0 -144.0 -44.8 -233.6 -14.7
25.247 25.245 -26.8 -264.0 -144.0 -44.8 -233.6 -14.7
25.267 25.265 -26.9 -264.0 -144.0 -44.8 -233.6 -14.7
25.286 25.285 -26.9 -264.0 -144.0 -44.8 -233.6 -14.7
25.307 25.305 -26.9 -264.0 -144.0 -44.8 -233.6 -14.7
25.327 25.325 -26.9 -264.0 -144.0 -44.8 -233.6 -14.7
25.347 25.345 -26.9 -264.1 -144.0 -44.8 -233.6 -14.7
25.367 25.365 -26.9 -264.1 -144.0 -44.8 -233.6 -14.7
25.386 25.385 -26.9 -264.1 -143.9 -44.8 -233.6 -14.7
25.407 25.405 -26.8 -264.1 -144.0 -44.8 -233.6 -14.7
25.427 25.425 -26.8 -264.1 -144.0 -44.8 -233.6 -14.7
25.446 25.445 -26.8 -264.0 -144.0 -44.8 -233.6 -14.7
25.467 25.465 -26.8 -264.0 -144.09999 -44.8 -233.6 -14.7
25.487 25.485 -26.8 -264.0 -144.09999 -44.8 -233.6 -14.7
25.507 25.505 -26.8 -264.1 -144.09999 -44.8 -233.6 -14.7
25.526 25.525 -26.8 -264.1 -144.09999 -44.8 -233.6 -14.7
25.546 25.545 -26.8 -264.0 -144.09999 -44.8 -233.6 -14.7
25.567 25.565 -26.8 -264.0 -144.2 -44.8 -233.6 -14.7
25.587 25.585 -26.8 -264.0 -144.2 -44.8 -233.6 -14.7
25.607 25.605 -26.8 -264.0 -144.2 -44.8 -233.6 -14.7
25.627 25.625 -26.8 -264.0 -144.2 -44.8 -233.6 -14.7
25.647 25.645 -26.8 -264.0 -144.3 -44.8 -233.6 -14.7
25.670 25.665 -26.8 -264.0 -144.2 -44.8 -233.6 -14.7
25.687 25.685 -26.8 -264.1 -144.2 -44.8 -233.6 -14.7
25.707 25.705 -26.699999 -264.1 -144.2 -44.8 -233.6 -14.7
25.727 25.725 -26.8 -264.1 -144.2 -44.8 -233.6 -14.7
25.746 25.745 -26.699999 -264.1 -144.2 -44.8 -233.6 -14.7
25.766 25.765 -26.699999 -264.1 -144.2 -44.8 -233.6 -14.7
25.787 25.785 -26.699999 -264.1 -144.2 -44.8 -233.6 -14.7
25.806 25.805 -26.8 -264.1 -144.2 -44.8 -233.6 -14.7
25.826 25.825 -26.699999 -264.1 -144.2 -44.8 -233.6 -14.7
25.847 25.845 -26.699999 -264.1 -144.2 -44.8 -233.6 -14.7
25.867 25.865 -26.699999 -264.1 -144.09999 -44.8 -233.6 -14.7
25.887 25.885 -26.699999 -264.1 -144.09999 -44.8 -233.6 -14.7
25.907 25.905 -26.599998 -264.1 -144.09999 -44.8 -233.6 -14.7
25.927 25.925 -26.599998 -264.0 -144.09999 -44.8 -233.6 -14.7
25.947 25.945 -26.599998 -264.0 -144.09999 -44.8 -233.6 -14.7
25.970 25.965 -26.599998 -264.0 -144.09999 -44.8 -233.6 -14.7
25.986 25.985 -26.599998 -264.0 -144.09999 -44.8 -233.6 -14.7
26.007 26.005 -26.599998 -264.0 -144.09999 -44.8 -233.6 -14.7
26.027 26.025 -26.699999 -264.0 -144.09999 -44.8 -233.6 -14.7
26.047 26.045 -26.699999 -264.0 -144.09999 -44.8 -233.6 -14.7
26.067 26.065 -26.699999 -264.0 -144.09999 -44.8 -233.6 -14.7
26.087 26.085 -26.599998 -264.0 -144.09999 -44.8 -233.6 -14.7
26.107 26.105 -26.599998 -264.0 -144.09999 -44.8 -233.6 -14.7
26.126 26.125 -26.599998 -264.0 -144.0 -44.8 -233.6 -14.7
26.147 26.145 -26.599998 -264.0 -144.0 -44.8 -233.6 -14.7
26.167 26.165 -26.599998 -264.0 -144.0 -44.8 -233.6 -14.7
26.186 26.185 -26.599998 -264.0 -143.9 -44.8 -233.6 -14.7
26.206 26.205 -26.599998 -264.0 -143.8 -44.8 -233.6 -14.7
26.226 26.225 -26.599998 -264.0 -143.8 -44.8 -233.6 -14.7
26.246 26.245 -26.599998 -264.0 -143.8 -44.8 -233.6 -14.7
26.266 26.265 -26.599998 -264.1 -143.8 -44.8 -233.6 -14.7
26.286 26.285 -26.599998 -264.0 -143.8 -44.8 -233.6 -14.7
26.306 26.305 -26.599998 -264.0 -143.9 -44.8 -233.6 -14.7
26.326 26.325 -26.599998 -264.0 -143.9 -44.8 -233.6 -14.7
26.346 26.345 -26.599998 -264.0 -143.9 -44.8 -233.6 -14.7
26.366 26.365 -26.599998 -264.0 -143.8 -44.8 -233.6 -14.7
26.387 26.385 -26.599998 -264.0 -143.9 -44.8 -233.6 -14.7
26.407 26.405 -26.599998 -264.0 -143.8 -44.8 -233.6 -14.7
26.426 26.425 -26.599998 -264.0 -143.9 -44.8 -233.6 -14.7
26.447 26.445 -26.699999 -264.0 -143.9 -44.8 -233.6 -14.7
26.467 26.465 -26.699999 -264.1 -143.9 -44.8 -233.6 -14.7
26.487 26.485 -26.699999 -264.0 -144.0 -44.8 -233.6 -14.7
26.507 26.505 -26.699999 -264.1 -144.0 -44.8 -233.6 -14.7
26.527 26.525 -26.699999 -264.1 -144.0 -44.8 -233.6 -14.7
26.547 26.545 -26.699999 -264.1 -144.0 -44.8 -233.6 -14.7
26.567 26.565 -26.8 -264.1 -144.0 -44.8 -233.6 -14.7
26.587 26.585 -26.699999 -264.1 -144.0 -44.8 -233.6 -14.7
26.607 26.605 -26.699999 -264.1 -144.0 -44.8 -233.6 -14.7
26.627 26.625 -26.699999 -264.1 -144.0 -44.8 -233.6 -14.7
26.647 26.645 -26.699999 -264.1 -144.0 -44.8 -233.6 -14.7
26.667 26.665 -26.699999 -264.2 -144.0 -44.8 -233.6 -14.7
26.687 26.685 -26.8 -264.2 -144.0 -44.8 -233.6 -14.7
26.707 26.705 -26.8 -264.2 -144.0 -44.8 -233.6 -14.7
26.727 26.725 -26.8 -264.2 -144.0 -44.8 -233.6 -14.7
26.747 26.745 -26.9 -264.2 -144.0 -44.8 -233.6 -14.7
26.767 26.765 -26.8 -264.2 -144.0 -44.8 -233.6 -14.7
26.787 26.785 -26.8 -264.2 -144.0 -44.8 -233.6 -14.7
26.807 26.805 -26.699999 -264.2 -144.0 -44.8 -233.6 -14.7
26.827 26.825 -26.699999 -264.2 -144.0 -44.8 -233.6 -14.7
26.849 26.845 -26.699999 -264.2 -144.09999 -44.8 -233.6 -14.7
26.867 26.865 -26.699999 -264.2 -144.09999 -44.8 -233.6 -14.7
26.887 26.885 -26.699999 -264.2 -144.09999 -44.8 -233.6 -14.7
26.907 26.905 -26.699999 -264.2 -144.0 -44.8 -233.6 -14.7
26.927 26.925 -26.699999 -264.2 -144.0 -44.8 -233.6 -14.7
26.947 26.945 -26.699999 -264.2 -144.09999 -44.8 -233.6 -14.7
26.967 26.965 -26.599998 -264.2 -144.09999 -44.8 -233.6 -14.7
26.987 26.985 -26.599998 -264.2 -144.09999 -44.8 -233.6 -14.7
27.007 27.005 -26.699999 -264.2 -144.09999 -44.8 -233.6 -14.7
27.026 27.025 -26.699999 -264.2 -144.0 -44.8 -233.6 -14.7
27.047 27.045 -26.599998 -264.1 -144.0 -44.8 -233.6 -14.7
27.067 27.065 -26.599998 -264.1 -144.0 -44.8 -233.6 -14.7
27.088 27.085 -26.599998 -264.1 -143.9 -44.8 -233.6 -14.7
27.107 27.105 -26.599998 -264.1 -143.9 -44.8 -233.6 -14.7
27.127 27.125 -26.599998 -264.1 -143.9 -44.8 -233.6 -14.7
27.147 27.145 -26.599998 -264.1 -143.9 -44.8 -233.6 -14.7
27.167 27.165 -26.599998 -264.2 -143.9 -44.8 -233.6 -14.7
27.187 27.185 -26.599998 -264.2 -143.9 -44.8 -233.6 -14.7
27.206 27.205 -26.599998 -264.2 -143.9 -44.8 -233.6 -14.7
27.227 27.225 -26.599998 -264.2 -143.9 -44.8 -233.6 -14.7
27.246 27.245 -26.599998 -264.2 -143.9 -44.8 -233.6 -14.7
27.267 27.265 -26.599998 -264.2 -143.9 -44.8 -233.6 -14.7
27.287 27.285 -26.599998 -264.1 -143.9 -44.8 -233.6 -14.7
27.307 27.305 -26.599998 -264.1 -143.9 -44.8 -233.6 -14.7
27.327 27.325 -26.599998 -264.1 -144.0 -44.8 -233.6 -14.7
27.347 27.345 -26.599998 -264.1 -144.0 -44.8 -233.6 -14.7
27.367 27.365 -26.699999 -264.1 -144.0 -44.8 -233.6 -14.7
27.386 27.385 -26.699999 -264.2 -144.0 -44.8 -233.6 -14.7
27.407 27.405 -26.699999 -264.2 -144.0 -44.8 -233.6 -14.7
27.427 27.425 -26.8 -264.2 -144.0 -44.8 -233.6 -14.7
27.447 27.445 -26.8 -264.1 -144.0 -44.8 -233.6 -14.7
27.467 27.465 -26.8 -264.1 -144.0 -44.8 -233.6 -14.7
27.487 27.485 -26.8 -264.1 -144.09999 -44.8 -233.6 -14.7
27.507 27.505 -26.8 -264.1 -144.09999 -44.8 -233.6 -14.7
27.531 27.525 -26.8 -264.1 -144.09999 -44.8 -233.6 -14.7
27.547 27.545 -26.8 -264.1 -144.0 -44.8 -233.6 -14.7
27.567 27.565 -26.9 -264.1 -144.0 -44.8 -233.6 -14.7
27.586 27.585 -26.8 -264.1 -144.0 -44.8 -233.6 -14.7
27.606 27.605 -26.8 -264.1 -144.09999 -44.8 -233.6 -14.7
27.627 27.625 -26.8 -264.1 -144.09999 -44.8 -233.6 -14.7
27.647 27.645 -26.9 -264.2 -144.09999 -44.8 -233.6 -14.7
27.666 27.665 -26.9 -264.2 -144.2 -44.8 -233.6 -14.7
27.687 27.685 -26.8 -264.2 -144.2 -44.8 -233.6 -14.7
27.706 27.705 -26.9 -264.2 -144.2 -44.8 -233.6 -14.7
27.726 27.725 -26.9 -264.1 -144.2 -44.8 -233.6 -14.7
27.747 27.745 -26.9 -264.1 -144.2 -44.8 -233.6 -14.7
27.767 27.765 -26.9 -264.1 -144.09999 -44.8 -233.6 -14.7
27.787 27.785 -26.9 -264.1 -144.09999 -44.8 -233.6 -14.7
27.807 27.805 -26.9 -264.1 -144.2 -44.8 -233.6 -14.7
27.830 27.825 -26.9 -264.1 -144.2 -44.8 -233.6 -14.7
27.847 27.845 -26.9 -264.1 -144.2 -44.8 -233.6 -14.7
27.867 27.865 -26.9 -264.1 -144.2 -44.8 -233.6 -14.7
27.887 27.885 -26.9 -264.1 -144.2 -44.8 -233.6 -14.7
27.907 27.905 -26.8 -264.1 -144.09999 -44.8 -233.6 -14.7
27.926 27.925 -26.8 -264.1 -144.09999 -44.8 -233.6 -14.7
27.947 27.945 -26.8 -264.1 -144.2 -44.8 -233.6 -14.7
27.967 27.965 -26.8 -264.1 -144.09999 -44.8 -233.6 -14.7
27.986 27.985 -26.8 -264.1 -144.09999 -44.8 -233.6 -14.7
28.007 28.005 -26.8 -264.2 -144.09999 -44.8 -233.6 -14.7
28.027 28.025 -26.8 -264.1 -144.2 -44.8 -233.6 -14.7
28.047 28.045 -26.8 -264.2 -144.09999 -44.8 -233.6 -14.7
28.067 28.065 -26.8 -264.2 -144.09999 -44.8 -233.6 -14.7
28.087 28.085 -26.8 -264.2 -144.09999 -44.8 -233.6 -14.7
28.107 28.105 -26.8 -264.2 -144.09999 -44.8 -233.6 -14.7
28.129 28.125 -26.8 -264.2 -144.09999 -44.8 -233.6 -14.7
28.147 28.145 -26.699999 -264.2 -144.09999 -44.8 -233.6 -14.7
28.168 28.165 -26.699999 -264.2 -144.09999 -44.8 -233.6 -14.7
28.187 28.185 -26.699999 -264.2 -144.09999 -44.8 -233.6 -14.7
28.207 28.205 -26.8 -264.2 -144.09999 -44.8 -233.6 -14.7
28.226 28.225 -26.8 -264.2 -144.2 -44.8 -233.6 -14.7
28.247 28.245 -26.699999 -264.2 -144.09999 -44.8 -233.6 -14.7
28.267 28.265 -26.699999 -264.2 -144.09999 -44.8 -233.6 -14.7
28.287 28.285 -26.8 -264.2 -144.09999 -44.8 -233.6 -14.7
28.307 28.305 -26.699999 -264.2 -144.09999 -44.8 -233.6 -14.7
28.327 28.325 -26.8 -264.30002 -144.09999 -44.8 -233.6 -14.7
28.346 28.345 -26.8 -264.30002 -144.09999 -44.8 -233.6 -14.7
28.367 28.365 -26.8 -264.30002 -144.09999 -44.8 -233.6 -14.7
28.387 28.385 -26.8 -264.2 -144.2 -44.8 -233.6 -14.7
28.406 28.405 -26.8 -264.2 -144.09999 -44.8 -233.6 -14.7
28.426 28.425 -26.8 -264.2 -144.09999 -44.8 -233.6 -14.7
28.446 28.445 -26.699999 -264.2 -144.09999 -44.8 -233.6 -14.7
28.466 28.465 -26.699999 -264.2 -144.09999 -44.8 -233.6 -14.7
28.486 28.485 -26.8 -264.2 -144.09999 -44.8 -233.6 -14.7
28.506 28.505 -26.8 -264.2 -144.09999 -44.8 -233.6 -14.7
28.527 28.525 -26.8 -264.2 -144.2 -44.8 -233.6 -14.7
28.547 28.545 -26.8 -264.2 -144.2 -44.8 -233.6 -14.7
28.567 28.565 -26.8 -264.2 -144.2 -44.8 -233.6 -14.7
28.587 28.585 -26.8 -264.2 -144.2 -44.8 -233.6 -14.7
28.607 28.605 -26.8 -264.2 -144.3 -44.8 -233.6 -14.7
28.627 28.625 -26.8 -264.2 -144.2 -44.8 -233.6 -14.7
28.647 28.645 -26.8 -264.2 -144.2 -44.8 -233.6 -14.7
28.666 28.665 -26.8 -264.2 -144.2 -44.8 -233.6 -14.7
28.686 28.685 -26.8 -264.2 -144.2 -44.8 -233.6 -14.7
28.710 28.705 -26.8 -264.2 -144.2 -44.8 -233.6 -14.7
28.727 28.725 -26.8 -264.2 -144.09999 -44.8 -233.6 -14.7
28.747 28.745 -26.9 -264.2 -144.09999 -44.8 -233.6 -14.7
28.767 28.765 -26.8 -264.1 -144.09999 -44.8 -233.6 -14.7
28.787 28.785 -26.8 -264.1 -144.0 -44.8 -233.6 -14.7
28.807 28.805 -26.8 -264.1 -144.0 -44.8 -233.6 -14.7
28.827 28.825 -26.8 -264.1 -144.0 -44.8 -233.6 -14.7
28.847 28.845 -26.8 -264.2 -144.0 -44.8 -233.6 -14.7
28.866 28.865 -26.8 -264.2 -144.0 -44.8 -233.6 -14.7
28.887 28.885 -26.8 -264.2 -144.0 -44.8 -233.6 -14.7
28.906 28.905 -26.8 -264.1 -144.09999 -44.8 -233.6 -14.7
28.927 28.925 -26.8 -264.1 -144.0 -44.8 -233.6 -14.7
28.947 28.945 -26.699999 -264.1 -144.0 -44.8 -233.6 -14.7
28.967 28.965 -26.699999 -264.1 -144.09999 -44.8 -233.6 -14.7
28.986 28.985 -26.699999 -264.1 -144.09999 -44.8 -233.6 -14.7
29.009 29.005 -26.699999 -264.0 -144.2 -44.8 -233.6 -14.7
29.027 29.025 -26.8 -264.0 -144.09999 -44.8 -233.6 -14.7
29.047 29.045 -26.8 -264.0 -144.09999 -44.8 -233.6 -14.7
29.067 29.065 -26.8 -264.1 -144.09999 -44.8 -233.6 -14.7
29.086 29.085 -26.8 -264.0 -144.09999 -44.8 -233.6 -14.7
29.107 29.105 -26.8 -264.0 -144.2 -44.8 -233.6 -14.7
29.127 29.125 -26.699999 -264.0 -144.09999 -44.8 -233.6 -14.7
29.147 29.145 -26.8 -264.0 -144.2 -44.8 -233.6 -14.7
29.167 29.165 -26.699999 -264.0 -144.2 -44.8 -233.6 -14.7
29.187 29.185 -26.8 -264.1 -144.09999 -44.8 -233.6 -14.7
29.207 29.205 -26.8 -264.1 -144.09999 -44.8 -233.6 -14.7
29.226 29.225 -26.699999 -264.1 -144.09999 -44.8 -233.6 -14.7
29.247 29.245 -26.699999 -264.1 -144.09999 -44.8 -233.6 -14.7
29.267 29.265 -26.8 -264.1 -144.09999 -44.8 -233.6 -14.7
29.287 29.285 -26.699999 -264.1 -144.09999 -44.8 -233.6 -14.7
29.308 29.305 -26.699999 -264.1 -144.2 -44.8 -233.6 -14.7
29.327 29.325 -26.699999 -264.1 -144.2 -44.8 -233.6 -14.7
29.347 29.345 -26.699999 -264.1 -144.2 -44.8 -233.6 -14.7
29.367 29.365 -26.8 -264.2 -144.2 -44.8 -233.6 -14.7
29.386 29.385 -26.8 -264.1 -144.2 -44.8 -233.6 -14.7
29.407 29.405 -26.8 -264.2 -144.2 -44.8 -233.6 -14.7
29.427 29.425 -26.8 -264.2 -144.09999 -44.8 -233.6 -14.7
29.447 29.445 -26.8 -264.1 -144.09999 -44.8 -233.6 -14.7
29.467 29.465 -26.699999 -264.1 -144.09999 -44.8 -233.6 -14.7
29.486 29.485 -26.699999 -264.1 -144.0 -44.8 -233.6 -14.7
29.506 29.505 -26.8 -264.1 -144.09999 -44.8 -233.6 -14.7
29.527 29.525 -26.8 -264.1 -144.09999 -44.8 -233.6 -14.7
29.547 29.545 -26.8 -264.1 -144.09999 -44.8 -233.6 -14.7
29.566 29.565 -26.8 -264.2 -144.0 -44.8 -233.6 -14.7
29.587 29.585 -26.8 -264.2 -144.09999 -44.8 -233.6 -14.7
29.608 29.605 -26.8 -264.2 -144.09999 -44.8 -233.6 -14.7
29.627 29.625 -26.8 -264.2 -144.09999 -44.8 -233.6 -14.7
29.647 29.645 -26.8 -264.2 -144.09999 -44.8 -233.6 -14.7
29.667 29.665 -26.8 -264.2 -144.0 -44.8 -233.6 -14.7
29.690 29.685 -26.9 -264.2 -144.0 -44.8 -233.6 -14.7
29.707 29.705 -26.8 -264.2 -144.0 -44.8 -233.6 -14.7
29.727 29.725 -26.9 -264.2 -144.0 -44.8 -233.6 -14.7
29.747 29.745 -26.9 -264.2 -143.9 -44.8 -233.6 -14.7
29.766 29.765 -26.9 -264.2 -143.8 -44.8 -233.6 -14.7
29.787 29.785 -26.9 -264.2 -143.9 -44.8 -233.6 -14.7
29.807 29.805 -26.8 -264.1 -143.9 -44.8 -233.6 -14.7
29.827 29.825 -26.9 -264.1 -143.9 -44.8 -233.6 -14.7
29.847 29.845 -26.9 -264.1 -143.8 -44.8 -233.6 -14.7
29.867 29.865 -26.9 -264.1 -143.8 -44.8 -233.6 -14.7
29.887 29.885 -26.9 -264.1 -143.7 -44.8 -233.6 -14.7
29.907 29.905 -26.9 -264.1 -143.7 -44.8 -233.6 -14.7
29.927 29.925 -26.9 -264.1 -143.7 -44.8 -233.6 -14.7
29.947 29.945 -26.9 -264.1 -143.7 -44.8 -233.6 -14.7
29.967 29.965 -26.9 -264.1 -143.7 -44.8 -233.6 -14.7
29.989 29.985 -26.9 -264.1 -143.7 -44.8 -233.6 -14.7
30.007 30.005 -26.8 -264.1 -143.8 -44.8 -233.6 -14.7
30.027 30.025 -26.8 -264.1 -143.8 -44.8 -233.6 -14.7
30.047 30.045 -26.8 -264.1 -143.8 -44.8 -233.6 -14.7
30.067 30.065 -26.9 -264.1 -143.8 -44.8 -233.6 -14.7
30.086 30.085 -26.8 -264.1 -143.8 -44.8 -233.6 -14.7
30.107 30.105 -26.8 -264.1 -143.8 -44.8 -233.6 -14.7
30.127 30.125 -26.8 -264.1 -143.8 -44.8 -233.6 -14.7
30.147 30.145 -26.8 -264.1 -143.8 -44.8 -233.6 -14.7
30.167 30.165 -26.8 -264.1 -143.8 -44.8 -233.6 -14.7
30.189 30.185 -26.9 -264.0 -143.8 -44.8 -233.6 -14.7
30.206 30.205 -26.8 -264.1 -143.8 -44.8 -233.6 -14.7
30.227 30.225 -26.8 -264.1 -143.8 -44.8 -233.6 -14.7
30.247 30.245 -26.8 -264.0 -143.8 -44.8 -233.6 -14.7
30.267 30.265 -26.8 -264.0 -143.8 -44.8 -233.6 -14.7
30.286 30.285 -26.8 -264.0 -143.8 -44.8 -233.6 -14.7
30.306 30.305 -26.8 -264.0 -143.7 -44.8 -233.6 -14.7
30.327 30.325 -26.8 -264.0 -143.8 -44.8 -233.6 -14.7
30.347 30.345 -26.8 -264.1 -143.8 -44.8 -233.6 -14.7
30.366 30.365 -26.8 -264.1 -143.9 -44.8 -233.6 -14.7
30.386 30.385 -26.8 -264.1 -143.9 -44.8 -233.6 -14.7
30.406 30.405 -26.9 -264.1 -143.9 -44.8 -233.6 -14.7
30.427 30.425 -26.8 -264.1 -143.9 -44.8 -233.6 -14.7
30.447 30.445 -26.8 -264.0 -144.0 -44.8 -233.6 -14.7
30.467 30.465 -26.699999 -264.0 -144.0 -44.8 -233.6 -14.7
30.487 30.485 -26.8 -264.1 -144.0 -44.8 -233.6 -14.7
30.507 30.505 -26.8 -264.1 -144.0 -44.8 -233.6 -14.7
30.527 30.525 -26.8 -264.1 -144.0 -44.8 -233.6 -14.7
30.547 30.545 -26.8 -264.1 -144.0 -44.8 -233.6 -14.7
30.567 30.565 -26.8 -264.1 -144.0 -44.8 -233.6 -14.7
30.586 30.585 -26.8 -264.1 -144.0 -44.8 -233.6 -14.7
30.607 30.605 -26.9 -264.1 -144.09999 -44.8 -233.6 -14.7
30.627 30.625 -26.9 -264.1 -144.0 -44.8 -233.6 -14.7
30.647 30.645 -26.9 -264.1 -144.09999 -44.8 -233.6 -14.7
30.668 30.665 -26.9 -264.1 -144.09999 -44.8 -233.6 -14.7
30.686 30.685 -26.9 -264.1 -144.09999 -44.8 -233.6 -14.7
30.706 30.705 -26.8 -264.1 -144.09999 -44.8 -233.6 -14.7
30.726 30.725 -26.9 -264.1 -144.09999 -44.8 -233.6 -14.7
30.746 30.745 -26.9 -264.1 -144.09999 -44.8 -233.6 -14.7
30.766 30.765 -26.9 -264.1 -144.09999 -44.8 -233.6 -14.7
