magnetometer.txt

All values are in micro-Tesla (uT). Factory calibration and temperature compensation are applied to this measurement
http://developer.android.com/guide/topics/sensors/sensors_overview.html

elapsed-time-system elapsed-time-sensor x y z estimated-bias-x estimated-bias-y estimated-bias-z
0.091 0.081 -14.1 -197.8 -81.7 -15.6 -208.2 -47.9
0.109 0.101 -14.1 -197.8 -81.7 -15.6 -208.2 -47.9
0.170 0.121 -14.0 -197.0 -83.3 -15.6 -208.2 -47.9
0.170 0.141 -14.200001 -197.2 -81.7 -15.6 -208.2 -47.9
0.171 0.161 -14.1 -197.0 -81.9 -15.6 -208.2 -47.9
0.215 0.181 -13.8 -197.09999 -81.7 -15.6 -208.2 -47.9
0.215 0.201 -13.8 -197.2 -81.5 -15.6 -208.2 -47.9
0.224 0.221 -13.700001 -197.09999 -81.3 -15.6 -208.2 -47.9
0.261 0.241 -13.5 -197.09999 -81.5 -15.6 -208.2 -47.9
0.261 0.261 -13.6 -197.09999 -81.5 -15.6 -208.2 -47.9
0.281 0.281 -13.700001 -197.0 -81.4 -15.6 -208.2 -47.9
0.301 0.301 -13.6 -197.0 -81.5 -15.6 -208.2 -47.9
0.321 0.321 -13.6 -197.0 -81.5 -15.6 -208.2 -47.9
0.341 0.341 -13.6 -197.0 -81.5 -15.6 -208.2 -47.9
0.362 0.361 -13.5 -197.0 -81.5 -15.6 -208.2 -47.9
0.381 0.381 -13.6 -197.0 -81.5 -15.6 -208.2 -47.9
0.401 0.401 -13.6 -197.09999 -81.5 -15.6 -208.2 -47.9
0.421 0.421 -13.6 -197.09999 -81.5 -15.6 -208.2 -47.9
0.441 0.441 -13.6 -197.09999 -81.4 -15.6 -208.2 -47.9
0.461 0.461 -13.6 -197.2 -81.4 -15.6 -208.2 -47.9
0.481 0.481 -13.6 -197.09999 -81.4 -15.6 -208.2 -47.9
0.501 0.501 -13.6 -197.09999 -81.4 -15.6 -208.2 -47.9
0.521 0.521 -13.700001 -197.09999 -81.4 -15.6 -208.2 -47.9
0.541 0.541 -13.700001 -197.09999 -81.4 -15.6 -208.2 -47.9
0.582 0.561 -13.700001 -197.09999 -81.5 -15.6 -208.2 -47.9
0.582 0.581 -13.700001 -197.09999 -81.4 -15.6 -208.2 -47.9
0.601 0.601 -13.700001 -197.09999 -81.4 -15.6 -208.2 -47.9
0.621 0.621 -13.700001 -197.09999 -81.4 -15.6 -208.2 -47.9
0.641 0.641 -13.700001 -197.09999 -81.4 -15.6 -208.2 -47.9
0.661 0.661 -13.700001 -197.09999 -81.4 -15.6 -208.2 -47.9
0.681 0.681 -13.8 -197.09999 -81.5 -15.6 -208.2 -47.9
0.701 0.701 -13.700001 -197.09999 -81.5 -15.6 -208.2 -47.9
0.721 0.721 -13.700001 -197.09999 -81.4 -15.6 -208.2 -47.9
0.741 0.741 -13.700001 -197.09999 -81.5 -15.6 -208.2 -47.9
0.761 0.761 -13.700001 -197.09999 -81.5 -15.6 -208.2 -47.9
0.781 0.781 -13.700001 -197.09999 -81.5 -15.6 -208.2 -47.9
0.801 0.801 -13.700001 -197.09999 -81.5 -15.6 -208.2 -47.9
0.821 0.821 -13.700001 -197.09999 -81.600006 -15.6 -208.2 -47.9
0.842 0.841 -13.8 -197.09999 -81.5 -15.6 -208.2 -47.9
0.861 0.861 -13.8 -197.09999 -81.5 -15.6 -208.2 -47.9
0.881 0.881 -13.8 -197.09999 -81.5 -15.6 -208.2 -47.9
0.902 0.901 -13.900001 -197.09999 -81.5 -15.6 -208.2 -47.9
0.922 0.921 -13.900001 -197.09999 -81.5 -15.6 -208.2 -47.9
0.942 0.941 -13.900001 -197.09999 -81.4 -15.6 -208.2 -47.9
0.962 0.961 -14.0 -197.0 -81.5 -15.6 -208.2 -47.9
0.982 0.981 -14.0 -197.0 -81.4 -15.6 -208.2 -47.9
1.002 1.001 -14.0 -197.09999 -81.4 -15.6 -208.2 -47.9
1.022 1.021 -14.0 -197.0 -81.4 -15.6 -208.2 -47.9
1.042 1.041 -14.0 -197.0 -81.4 -15.6 -208.2 -47.9
1.062 1.061 -14.1 -197.0 -81.4 -15.6 -208.2 -47.9
1.082 1.081 -14.1 -197.0 -81.4 -15.6 -208.2 -47.9
1.102 1.101 -14.1 -196.9 -81.4 -15.6 -208.2 -47.9
1.122 1.121 -14.1 -196.9 -81.4 -15.6 -208.2 -47.9
1.142 1.141 -14.200001 -196.9 -81.4 -15.6 -208.2 -47.9
1.162 1.161 -14.200001 -197.0 -81.4 -15.6 -208.2 -47.9
1.185 1.181 -14.200001 -197.0 -81.4 -15.6 -208.2 -47.9
1.201 1.201 -14.200001 -196.9 -81.3 -15.6 -208.2 -47.9
1.221 1.221 -14.200001 -196.9 -81.3 -15.6 -208.2 -47.9
1.241 1.241 -14.3 -196.9 -81.3 -15.6 -208.2 -47.9
1.261 1.261 -14.3 -196.9 -81.3 -15.6 -208.2 -47.9
1.281 1.281 -14.3 -196.9 -81.3 -15.6 -208.2 -47.9
1.301 1.301 -14.3 -196.9 -81.3 -15.6 -208.2 -47.9
1.321 1.321 -14.3 -196.9 -81.3 -15.6 -208.2 -47.9
1.343 1.341 -14.3 -196.9 -81.3 -15.6 -208.2 -47.9
1.361 1.361 -14.3 -196.9 -81.3 -15.6 -208.2 -47.9
1.381 1.381 -14.3 -196.9 -81.3 -15.6 -208.2 -47.9
1.401 1.401 -14.3 -196.9 -81.2 -15.6 -208.2 -47.9
1.422 1.421 -14.400001 -196.9 -81.2 -15.6 -208.2 -47.9
1.442 1.441 -14.400001 -196.9 -81.2 -15.6 -208.2 -47.9
1.464 1.461 -14.400001 -196.9 -81.2 -15.6 -208.2 -47.9
1.482 1.481 -14.400001 -196.9 -81.3 -15.6 -208.2 -47.9
1.501 1.501 -14.400001 -196.9 -81.3 -15.6 -208.2 -47.9
1.521 1.521 -14.400001 -196.9 -81.4 -15.6 -208.2 -47.9
1.544 1.541 -14.3 -196.9 -81.4 -15.6 -208.2 -47.9
1.569 1.561 -14.3 -196.9 -81.4 -15.6 -208.2 -47.9
1.581 1.581 -14.3 -196.9 -81.5 -15.6 -208.2 -47.9
1.601 1.601 -14.400001 -196.9 -81.5 -15.6 -208.2 -47.9
1.621 1.621 -14.400001 -196.9 -81.5 -15.6 -208.2 -47.9
1.642 1.641 -14.400001 -196.9 -81.5 -15.6 -208.2 -47.9
1.661 1.661 -14.400001 -196.9 -81.5 -15.6 -208.2 -47.9
1.681 1.681 -14.400001 -197.0 -81.5 -15.6 -208.2 -47.9
1.701 1.701 -14.400001 -197.0 -81.5 -15.6 -208.2 -47.9
1.721 1.721 -14.3 -196.9 -81.600006 -15.6 -208.2 -47.9
1.741 1.741 -14.3 -196.9 -81.600006 -15.6 -208.2 -47.9
1.761 1.761 -14.3 -196.9 -81.600006 -15.6 -208.2 -47.9
1.781 1.781 -14.200001 -196.9 -81.600006 -15.6 -208.2 -47.9
1.801 1.801 -14.200001 -196.9 -81.600006 -15.6 -208.2 -47.9
1.821 1.821 -14.3 -196.9 -81.7 -15.6 -208.2 -47.9
1.841 1.841 -14.200001 -196.9 -81.7 -15.6 -208.2 -47.9
1.861 1.861 -14.200001 -196.8 -81.7 -15.6 -208.2 -47.9
1.881 1.881 -14.200001 -196.8 -81.7 -15.6 -208.2 -47.9
1.903 1.901 -14.200001 -196.9 -81.7 -15.6 -208.2 -47.9
1.921 1.921 -14.200001 -196.9 -81.7 -15.6 -208.2 -47.9
1.941 1.941 -14.200001 -196.8 -81.7 -15.6 -208.2 -47.9
1.961 1.961 -14.200001 -196.8 -81.7 -15.6 -208.2 -47.9
1.981 1.981 -14.200001 -196.8 -81.600006 -15.6 -208.2 -47.9
2.001 2.001 -14.200001 -196.8 -81.7 -15.6 -208.2 -47.9
2.021 2.021 -14.200001 -196.8 -81.600006 -15.6 -208.2 -47.9
2.041 2.041 -14.200001 -196.8 -81.600006 -15.6 -208.2 -47.9
2.061 2.061 -14.200001 -196.8 -81.7 -15.6 -208.2 -47.9
2.081 2.081 -14.200001 -196.8 -81.600006 -15.6 -208.2 -47.9
2.101 2.101 -14.200001 -196.8 -81.600006 -15.6 -208.2 -47.9
2.121 2.121 -14.3 -196.8 -81.600006 -15.6 -208.2 -47.9
2.141 2.141 -14.3 -196.8 -81.600006 -15.6 -208.2 -47.9
2.161 2.161 -14.3 -196.8 -81.5 -15.6 -208.2 -47.9
2.181 2.181 -14.200001 -196.7 -81.5 -15.6 -208.2 -47.9
2.201 2.201 -14.200001 -196.8 -81.600006 -15.6 -208.2 -47.9
2.221 2.221 -14.1 -196.8 -81.600006 -15.6 -208.2 -47.9
2.241 2.241 -14.1 -196.7 -81.600006 -15.6 -208.2 -47.9
2.261 2.261 -14.1 -196.7 -81.5 -15.6 -208.2 -47.9
2.281 2.281 -14.1 -196.7 -81.5 -15.6 -208.2 -47.9
2.301 2.301 -14.1 -196.7 -81.5 -15.6 -208.2 -47.9
2.321 2.321 -14.1 -196.7 -81.5 -15.6 -208.2 -47.9
2.341 2.341 -14.200001 -196.7 -81.5 -15.6 -208.2 -47.9
2.361 2.361 -14.200001 -196.7 -81.5 -15.6 -208.2 -47.9
2.381 2.381 -14.200001 -196.7 -81.5 -15.6 -208.2 -47.9
2.401 2.401 -14.3 -196.7 -81.5 -15.6 -208.2 -47.9
2.421 2.421 -14.3 -196.7 -81.5 -15.6 -208.2 -47.9
2.441 2.441 -14.3 -196.7 -81.5 -15.6 -208.2 -47.9
2.461 2.461 -14.3 -196.7 -81.5 -15.6 -208.2 -47.9
2.482 2.481 -14.3 -196.7 -81.4 -15.6 -208.2 -47.9
2.501 2.501 -14.400001 -196.7 -81.4 -15.6 -208.2 -47.9
2.521 2.521 -14.3 -196.7 -81.5 -15.6 -208.2 -47.9
2.541 2.541 -14.3 -196.7 -81.4 -15.6 -208.2 -47.9
2.561 2.561 -14.400001 -196.7 -81.5 -15.6 -208.2 -47.9
2.581 2.581 -14.400001 -196.7 -81.5 -15.6 -208.2 -47.9
2.602 2.601 -14.400001 -196.7 -81.5 -15.6 -208.2 -47.9
2.621 2.621 -14.400001 -196.7 -81.5 -15.6 -208.2 -47.9
2.674 2.651 -14.400001 -196.7 -81.600006 -15.6 -208.2 -47.9
2.674 2.671 -14.400001 -196.7 -81.5 -15.6 -208.2 -47.9
2.691 2.691 -14.400001 -196.8 -81.4 -15.6 -208.2 -47.9
2.711 2.711 -14.400001 -196.7 -81.4 -15.6 -208.2 -47.9
2.731 2.731 -14.400001 -196.7 -81.4 -15.6 -208.2 -47.9
2.751 2.751 -14.3 -196.7 -81.4 -15.6 -208.2 -47.9
2.771 2.771 -14.3 -196.7 -81.4 -15.6 -208.2 -47.9
2.791 2.791 -14.3 -196.7 -81.4 -15.6 -208.2 -47.9
2.811 2.811 -14.3 -196.7 -81.3 -15.6 -208.2 -47.9
2.831 2.831 -14.400001 -196.7 -81.4 -15.6 -208.2 -47.9
2.851 2.851 -14.400001 -196.7 -81.4 -15.6 -208.2 -47.9
2.871 2.871 -14.400001 -196.7 -81.4 -15.6 -208.2 -47.9
2.891 2.891 -14.400001 -196.7 -81.4 -15.6 -208.2 -47.9
2.911 2.911 -14.400001 -196.7 -81.4 -15.6 -208.2 -47.9
2.931 2.931 -14.5 -196.8 -81.3 -15.6 -208.2 -47.9
2.951 2.951 -14.400001 -196.8 -81.2 -15.6 -208.2 -47.9
2.971 2.971 -14.400001 -196.8 -81.2 -15.6 -208.2 -47.9
2.991 2.991 -14.400001 -196.8 -81.2 -15.6 -208.2 -47.9
3.011 3.011 -14.400001 -196.8 -81.2 -15.6 -208.2 -47.9
3.031 3.031 -14.400001 -196.8 -81.2 -15.6 -208.2 -47.9
3.052 3.051 -14.400001 -196.8 -81.3 -15.6 -208.2 -47.9
3.073 3.071 -14.400001 -196.8 -81.2 -15.6 -208.2 -47.9
3.092 3.091 -14.400001 -196.8 -81.3 -15.6 -208.2 -47.9
3.112 3.111 -14.400001 -196.8 -81.3 -15.6 -208.2 -47.9
3.132 3.131 -14.400001 -196.9 -81.2 -15.6 -208.2 -47.9
3.152 3.151 -14.5 -196.9 -81.2 -15.6 -208.2 -47.9
3.171 3.171 -14.5 -196.9 -81.3 -15.6 -208.2 -47.9
3.192 3.191 -14.5 -196.9 -81.3 -15.6 -208.2 -47.9
3.211 3.211 -14.6 -196.9 -81.3 -15.6 -208.2 -47.9
3.231 3.231 -14.6 -196.9 -81.3 -15.6 -208.2 -47.9
3.251 3.251 -14.6 -196.9 -81.3 -15.6 -208.2 -47.9
3.273 3.271 -14.6 -196.9 -81.4 -15.6 -208.2 -47.9
3.291 3.291 -14.6 -196.9 -81.4 -15.6 -208.2 -47.9
3.311 3.311 -14.6 -197.0 -81.4 -15.6 -208.2 -47.9
3.331 3.331 -14.6 -197.0 -81.4 -15.6 -208.2 -47.9
3.351 3.351 -14.700001 -197.09999 -81.3 -15.6 -208.2 -47.9
3.372 3.371 -14.700001 -197.09999 -81.3 -15.6 -208.2 -47.9
3.391 3.391 -14.700001 -197.09999 -81.3 -15.6 -208.2 -47.9
3.411 3.411 -14.700001 -197.09999 -81.3 -15.6 -208.2 -47.9
3.432 3.431 -14.700001 -197.09999 -81.2 -15.6 -208.2 -47.9
3.452 3.451 -14.6 -197.09999 -81.3 -15.6 -208.2 -47.9
3.473 3.471 -14.700001 -197.09999 -81.3 -15.6 -208.2 -47.9
3.492 3.491 -14.6 -197.09999 -81.3 -15.6 -208.2 -47.9
3.512 3.511 -14.6 -197.2 -81.3 -15.6 -208.2 -47.9
3.532 3.531 -14.6 -197.2 -81.2 -15.6 -208.2 -47.9
3.552 3.551 -14.700001 -197.2 -81.3 -15.6 -208.2 -47.9
3.573 3.571 -14.700001 -197.2 -81.4 -15.6 -208.2 -47.9
3.591 3.591 -14.700001 -197.09999 -81.3 -15.6 -208.2 -47.9
3.611 3.611 -14.700001 -197.09999 -81.3 -15.6 -208.2 -47.9
3.631 3.631 -14.700001 -197.09999 -81.3 -15.6 -208.2 -47.9
3.651 3.651 -14.700001 -197.2 -81.3 -15.6 -208.2 -47.9
3.671 3.671 -14.700001 -197.2 -81.3 -15.6 -208.2 -47.9
3.692 3.691 -14.700001 -197.09999 -81.2 -15.6 -208.2 -47.9
3.712 3.711 -14.700001 -197.2 -81.2 -15.6 -208.2 -47.9
3.732 3.731 -14.700001 -197.09999 -81.2 -15.6 -208.2 -47.9
3.752 3.751 -14.700001 -197.09999 -81.2 -15.6 -208.2 -47.9
3.772 3.771 -14.700001 -197.09999 -81.100006 -15.6 -208.2 -47.9
3.792 3.791 -14.700001 -197.2 -81.100006 -15.6 -208.2 -47.9
3.812 3.811 -14.700001 -197.09999 -81.100006 -15.6 -208.2 -47.9
3.832 3.831 -14.700001 -197.2 -81.100006 -15.6 -208.2 -47.9
3.852 3.851 -14.700001 -197.2 -81.100006 -15.6 -208.2 -47.9
3.872 3.871 -14.6 -197.2 -81.100006 -15.6 -208.2 -47.9
3.892 3.891 -14.6 -197.2 -81.0 -15.6 -208.2 -47.9
3.912 3.911 -14.700001 -197.2 -81.100006 -15.6 -208.2 -47.9
3.932 3.931 -14.700001 -197.2 -81.100006 -15.6 -208.2 -47.9
3.952 3.951 -14.700001 -197.09999 -81.2 -15.6 -208.2 -47.9
3.972 3.971 -14.700001 -197.09999 -81.2 -15.6 -208.2 -47.9
3.992 3.991 -14.700001 -197.2 -81.2 -15.6 -208.2 -47.9
4.012 4.011 -14.700001 -197.2 -81.2 -15.6 -208.2 -47.9
4.032 4.031 -14.8 -197.2 -81.2 -15.6 -208.2 -47.9
4.052 4.051 -14.8 -197.2 -81.2 -15.6 -208.2 -47.9
4.074 4.071 -14.8 -197.2 -81.2 -15.6 -208.2 -47.9
4.092 4.091 -14.8 -197.2 -81.2 -15.6 -208.2 -47.9
4.111 4.111 -14.900001 -197.2 -81.2 -15.6 -208.2 -47.9
4.132 4.131 -14.900001 -197.2 -81.2 -15.6 -208.2 -47.9
4.152 4.151 -14.8 -197.2 -81.2 -15.6 -208.2 -47.9
4.172 4.171 -14.900001 -197.2 -81.2 -15.6 -208.2 -47.9
4.191 4.191 -14.900001 -197.3 -81.2 -15.6 -208.2 -47.9
4.211 4.211 -14.900001 -197.3 -81.3 -15.6 -208.2 -47.9
4.231 4.231 -14.900001 -197.3 -81.3 -15.6 -208.2 -47.9
4.251 4.251 -14.900001 -197.3 -81.3 -15.6 -208.2 -47.9
4.271 4.271 -14.8 -197.3 -81.3 -15.6 -208.2 -47.9
4.296 4.291 -14.900001 -197.3 -81.4 -15.6 -208.2 -47.9
4.312 4.311 -14.900001 -197.3 -81.3 -15.6 -208.2 -47.9
4.335 4.331 -14.900001 -197.3 -81.4 -15.6 -208.2 -47.9
4.351 4.351 -14.8 -197.3 -81.4 -15.6 -208.2 -47.9
4.372 4.371 -14.8 -197.2 -81.5 -15.6 -208.2 -47.9
4.391 4.391 -14.8 -197.3 -81.5 -15.6 -208.2 -47.9
4.411 4.411 -14.900001 -197.3 -81.5 -15.6 -208.2 -47.9
4.432 4.431 -14.900001 -197.2 -81.5 -15.6 -208.2 -47.9
4.451 4.451 -14.900001 -197.2 -81.5 -15.6 -208.2 -47.9
4.471 4.471 -14.8 -197.2 -81.5 -15.6 -208.2 -47.9
4.491 4.491 -14.8 -197.2 -81.5 -15.6 -208.2 -47.9
4.511 4.511 -14.700001 -197.2 -81.600006 -15.6 -208.2 -47.9
4.531 4.531 -14.700001 -197.2 -81.5 -15.6 -208.2 -47.9
4.551 4.551 -14.700001 -197.2 -81.4 -15.6 -208.2 -47.9
4.571 4.571 -14.700001 -197.2 -81.4 -15.6 -208.2 -47.9
4.591 4.591 -14.700001 -197.2 -81.4 -15.6 -208.2 -47.9
4.611 4.611 -14.700001 -197.2 -81.4 -15.6 -208.2 -47.9
4.631 4.631 -14.700001 -197.09999 -81.4 -15.6 -208.2 -47.9
4.651 4.651 -14.700001 -197.09999 -81.4 -15.6 -208.2 -47.9
4.671 4.671 -14.700001 -197.09999 -81.4 -15.6 -208.2 -47.9
4.691 4.691 -14.700001 -197.09999 -81.5 -15.6 -208.2 -47.9
4.711 4.711 -14.6 -197.09999 -81.4 -15.6 -208.2 -47.9
4.731 4.731 -14.700001 -197.09999 -81.4 -15.6 -208.2 -47.9
4.751 4.751 -14.6 -197.09999 -81.4 -15.6 -208.2 -47.9
4.771 4.771 -14.6 -197.09999 -81.5 -15.6 -208.2 -47.9
4.792 4.791 -14.6 -197.09999 -81.4 -15.6 -208.2 -47.9
4.811 4.811 -14.6 -197.09999 -81.4 -15.6 -208.2 -47.9
4.834 4.831 -14.6 -197.09999 -81.4 -15.6 -208.2 -47.9
4.851 4.851 -14.6 -197.09999 -81.4 -15.6 -208.2 -47.9
4.871 4.871 -14.6 -197.09999 -81.5 -15.6 -208.2 -47.9
4.891 4.891 -14.6 -197.09999 -81.4 -15.6 -208.2 -47.9
4.912 4.911 -14.6 -197.09999 -81.5 -15.6 -208.2 -47.9
4.934 4.932 -14.6 -197.09999 -81.4 -15.6 -208.2 -47.9
4.951 4.951 -14.6 -197.09999 -81.4 -15.6 -208.2 -47.9
4.971 4.971 -14.6 -197.09999 -81.4 -15.6 -208.2 -47.9
4.991 4.991 -14.6 -197.09999 -81.4 -15.6 -208.2 -47.9
5.011 5.011 -14.6 -197.09999 -81.4 -15.6 -208.2 -47.9
5.032 5.032 -14.6 -197.09999 -81.4 -15.6 -208.2 -47.9
5.051 5.051 -14.6 -197.09999 -81.5 -15.6 -208.2 -47.9
5.071 5.071 -14.6 -197.09999 -81.600006 -15.6 -208.2 -47.9
5.091 5.091 -14.700001 -197.09999 -81.600006 -15.6 -208.2 -47.9
5.112 5.111 -14.700001 -197.2 -81.5 -15.6 -208.2 -47.9
5.131 5.131 -14.700001 -197.09999 -81.5 -15.6 -208.2 -47.9
5.151 5.151 -14.700001 -197.2 -81.600006 -15.6 -208.2 -47.9
5.171 5.171 -14.700001 -197.2 -81.600006 -15.6 -208.2 -47.9
5.191 5.191 -14.700001 -197.2 -81.600006 -15.6 -208.2 -47.9
5.212 5.212 -14.700001 -197.2 -81.600006 -15.6 -208.2 -47.9
5.231 5.231 -14.700001 -197.3 -81.600006 -15.6 -208.2 -47.9
5.251 5.251 -14.700001 -197.3 -81.600006 -15.6 -208.2 -47.9
5.271 5.271 -14.700001 -197.3 -81.600006 -15.6 -208.2 -47.9
5.292 5.291 -14.700001 -197.3 -81.5 -15.6 -208.2 -47.9
5.311 5.311 -14.8 -197.3 -81.5 -15.6 -208.2 -47.9
5.331 5.331 -14.8 -197.3 -81.600006 -15.6 -208.2 -47.9
5.351 5.351 -14.8 -197.3 -81.600006 -15.6 -208.2 -47.9
5.371 5.371 -14.8 -197.3 -81.600006 -15.6 -208.2 -47.9
5.391 5.391 -14.8 -197.3 -81.600006 -15.6 -208.2 -47.9
5.411 5.411 -14.8 -197.3 -81.600006 -15.6 -208.2 -47.9
5.432 5.431 -14.8 -197.3 -81.600006 -15.6 -208.2 -47.9
5.454 5.453 -14.8 -197.4 -81.600006 -15.6 -208.2 -47.9
5.472 5.471 -14.8 -197.4 -81.5 -15.6 -208.2 -47.9
5.491 5.491 -14.900001 -197.4 -81.5 -15.6 -208.2 -47.9
5.513 5.511 -14.8 -197.4 -81.5 -15.6 -208.2 -47.9
5.531 5.531 -14.8 -197.4 -81.5 -15.6 -208.2 -47.9
5.551 5.551 -14.8 -197.4 -81.5 -15.6 -208.2 -47.9
5.571 5.571 -14.8 -197.4 -81.5 -15.6 -208.2 -47.9
5.591 5.591 -14.900001 -197.4 -81.5 -15.6 -208.2 -47.9
5.611 5.611 -14.8 -197.4 -81.5 -15.6 -208.2 -47.9
5.631 5.631 -14.900001 -197.4 -81.5 -15.6 -208.2 -47.9
5.652 5.651 -14.900001 -197.4 -81.5 -15.6 -208.2 -47.9
5.672 5.671 -14.900001 -197.4 -81.4 -15.6 -208.2 -47.9
5.692 5.691 -14.900001 -197.5 -81.5 -15.6 -208.2 -47.9
5.712 5.711 -14.900001 -197.5 -81.5 -15.6 -208.2 -47.9
5.732 5.731 -14.900001 -197.5 -81.5 -15.6 -208.2 -47.9
5.752 5.751 -14.900001 -197.5 -81.5 -15.6 -208.2 -47.9
5.772 5.771 -14.900001 -197.4 -81.600006 -15.6 -208.2 -47.9
5.792 5.791 -14.900001 -197.4 -81.600006 -15.6 -208.2 -47.9
5.813 5.811 -14.900001 -197.4 -81.5 -15.6 -208.2 -47.9
5.832 5.831 -14.900001 -197.4 -81.5 -15.6 -208.2 -47.9
5.852 5.851 -14.900001 -197.4 -81.5 -15.6 -208.2 -47.9
5.872 5.871 -14.900001 -197.4 -81.600006 -15.6 -208.2 -47.9
5.892 5.891 -14.900001 -197.4 -81.600006 -15.6 -208.2 -47.9
5.914 5.912 -14.8 -197.4 -81.5 -15.6 -208.2 -47.9
5.931 5.931 -14.8 -197.4 -81.600006 -15.6 -208.2 -47.9
5.951 5.951 -14.8 -197.4 -81.600006 -15.6 -208.2 -47.9
5.971 5.971 -14.8 -197.4 -81.600006 -15.6 -208.2 -47.9
5.991 5.991 -14.8 -197.3 -81.600006 -15.6 -208.2 -47.9
6.011 6.011 -14.8 -197.4 -81.600006 -15.6 -208.2 -47.9
6.032 6.031 -14.8 -197.4 -81.600006 -15.6 -208.2 -47.9
6.052 6.051 -14.8 -197.3 -81.600006 -15.6 -208.2 -47.9
6.072 6.071 -14.8 -197.3 -81.600006 -15.6 -208.2 -47.9
6.092 6.091 -14.8 -197.3 -81.7 -15.6 -208.2 -47.9
6.112 6.111 -14.8 -197.4 -81.7 -15.6 -208.2 -47.9
6.132 6.131 -14.8 -197.3 -81.7 -15.6 -208.2 -47.9
6.152 6.151 -14.8 -197.3 -81.8 -15.6 -208.2 -47.9
6.172 6.171 -14.8 -197.3 -81.8 -15.6 -208.2 -47.9
6.192 6.191 -14.8 -197.3 -81.8 -15.6 -208.2 -47.9
6.212 6.211 -14.8 -197.3 -81.8 -15.6 -208.2 -47.9
6.232 6.231 -14.8 -197.3 -81.9 -15.6 -208.2 -47.9
6.251 6.251 -14.8 -197.3 -81.9 -15.6 -208.2 -47.9
6.271 6.271 -14.8 -197.3 -81.8 -15.6 -208.2 -47.9
6.291 6.291 -14.8 -197.3 -81.8 -15.6 -208.2 -47.9
6.312 6.311 -14.700001 -197.2 -81.7 -15.6 -208.2 -47.9
6.331 6.331 -14.700001 -197.2 -81.7 -15.6 -208.2 -47.9
6.351 6.351 -14.700001 -197.2 -81.7 -15.6 -208.2 -47.9
6.371 6.371 -14.700001 -197.2 -81.7 -15.6 -208.2 -47.9
6.394 6.391 -14.8 -197.2 -81.7 -15.6 -208.2 -47.9
6.411 6.411 -14.700001 -197.2 -81.7 -15.6 -208.2 -47.9
6.431 6.431 -14.8 -197.2 -81.8 -15.6 -208.2 -47.9
6.451 6.451 -14.8 -197.2 -81.7 -15.6 -208.2 -47.9
6.471 6.471 -14.700001 -197.2 -81.7 -15.6 -208.2 -47.9
6.491 6.491 -14.700001 -197.2 -81.7 -15.6 -208.2 -47.9
6.511 6.511 -14.8 -197.09999 -81.8 -15.6 -208.2 -47.9
6.539 6.531 -14.8 -197.2 -81.8 -15.6 -208.2 -47.9
6.551 6.551 -14.8 -197.2 -81.7 -15.6 -208.2 -47.9
6.575 6.571 -14.8 -197.09999 -81.7 -15.6 -208.2 -47.9
6.591 6.591 -14.8 -197.2 -81.7 -15.6 -208.2 -47.9
6.611 6.611 -14.700001 -197.09999 -81.7 -15.6 -208.2 -47.9
6.631 6.631 -14.700001 -197.09999 -81.7 -15.6 -208.2 -47.9
6.651 6.651 -14.8 -197.09999 -81.7 -15.6 -208.2 -47.9
6.671 6.671 -14.8 -197.09999 -81.600006 -15.6 -208.2 -47.9
6.691 6.691 -14.8 -197.2 -81.600006 -15.6 -208.2 -47.9
6.712 6.711 -14.8 -197.09999 -81.600006 -15.6 -208.2 -47.9
6.732 6.731 -14.8 -197.09999 -81.600006 -15.6 -208.2 -47.9
6.752 6.751 -14.8 -197.09999 -81.600006 -15.6 -208.2 -47.9
6.772 6.771 -14.900001 -197.09999 -81.600006 -15.6 -208.2 -47.9
6.792 6.791 -14.900001 -197.09999 -81.600006 -15.6 -208.2 -47.9
6.812 6.811 -14.900001 -197.2 -81.600006 -15.6 -208.2 -47.9
6.832 6.831 -14.8 -197.09999 -81.600006 -15.6 -208.2 -47.9
6.852 6.851 -14.8 -197.09999 -81.5 -15.6 -208.2 -47.9
6.872 6.871 -14.8 -197.09999 -81.5 -15.6 -208.2 -47.9
6.892 6.891 -14.8 -197.09999 -81.5 -15.6 -208.2 -47.9
6.913 6.911 -14.8 -197.09999 -81.600006 -15.6 -208.2 -47.9
6.932 6.931 -14.900001 -197.2 -81.600006 -15.6 -208.2 -47.9
6.952 6.951 -14.8 -197.2 -81.600006 -15.6 -208.2 -47.9
6.972 6.971 -14.8 -197.2 -81.600006 -15.6 -208.2 -47.9
6.992 6.991 -14.700001 -197.09999 -81.600006 -15.6 -208.2 -47.9
7.012 7.011 -14.700001 -197.09999 -81.5 -15.6 -208.2 -47.9
7.032 7.031 -14.700001 -197.09999 -81.5 -15.6 -208.2 -47.9
7.052 7.051 -14.700001 -197.09999 -81.600006 -15.6 -208.2 -47.9
7.072 7.071 -14.8 -197.09999 -81.600006 -15.6 -208.2 -47.9
7.092 7.091 -14.700001 -197.09999 -81.600006 -15.6 -208.2 -47.9
7.112 7.111 -14.700001 -197.09999 -81.600006 -15.6 -208.2 -47.9
7.132 7.131 -14.700001 -197.09999 -81.600006 -15.6 -208.2 -47.9
7.151 7.151 -14.700001 -197.09999 -81.7 -15.6 -208.2 -47.9
7.171 7.171 -14.8 -197.09999 -81.7 -15.6 -208.2 -47.9
7.191 7.191 -14.8 -197.09999 -81.7 -15.6 -208.2 -47.9
7.211 7.211 -14.700001 -197.09999 -81.600006 -15.6 -208.2 -47.9
7.231 7.231 -14.700001 -197.09999 -81.600006 -15.6 -208.2 -47.9
7.251 7.251 -14.700001 -197.09999 -81.600006 -15.6 -208.2 -47.9
7.272 7.271 -14.700001 -197.09999 -81.600006 -15.6 -208.2 -47.9
7.292 7.291 -14.6 -197.09999 -81.7 -15.6 -208.2 -47.9
7.312 7.311 -14.6 -197.09999 -81.7 -15.6 -208.2 -47.9
7.332 7.331 -14.5 -197.0 -81.600006 -15.6 -208.2 -47.9
7.352 7.351 -14.5 -197.09999 -81.7 -15.6 -208.2 -47.9
7.373 7.371 -14.5 -197.09999 -81.7 -15.6 -208.2 -47.9
7.392 7.391 -14.400001 -197.0 -81.600006 -15.6 -208.2 -47.9
7.412 7.411 -14.400001 -197.0 -81.600006 -15.6 -208.2 -47.9
7.432 7.431 -14.400001 -197.0 -81.600006 -15.6 -208.2 -47.9
7.452 7.451 -14.400001 -197.0 -81.600006 -15.6 -208.2 -47.9
7.473 7.471 -14.400001 -197.0 -81.600006 -15.6 -208.2 -47.9
7.492 7.491 -14.400001 -197.0 -81.600006 -15.6 -208.2 -47.9
7.512 7.511 -14.400001 -197.0 -81.7 -15.6 -208.2 -47.9
7.532 7.531 -14.400001 -197.0 -81.600006 -15.6 -208.2 -47.9
7.552 7.551 -14.400001 -197.0 -81.600006 -15.6 -208.2 -47.9
7.572 7.571 -14.400001 -197.0 -81.600006 -15.6 -208.2 -47.9
7.592 7.591 -14.400001 -197.0 -81.600006 -15.6 -208.2 -47.9
7.612 7.611 -14.400001 -197.0 -81.7 -15.6 -208.2 -47.9
7.632 7.631 -14.400001 -197.0 -81.7 -15.6 -208.2 -47.9
7.652 7.651 -14.400001 -197.0 -81.7 -15.6 -208.2 -47.9
7.672 7.671 -14.400001 -197.0 -81.600006 -15.6 -208.2 -47.9
7.692 7.691 -14.3 -197.0 -81.7 -15.6 -208.2 -47.9
7.712 7.711 -14.3 -197.0 -81.600006 -15.6 -208.2 -47.9
7.732 7.731 -14.3 -197.09999 -81.600006 -15.6 -208.2 -47.9
7.752 7.751 -14.3 -197.09999 -81.5 -15.6 -208.2 -47.9
7.771 7.771 -14.3 -197.0 -81.5 -15.6 -208.2 -47.9
7.791 7.791 -14.3 -197.09999 -81.600006 -15.6 -208.2 -47.9
7.811 7.811 -14.3 -197.0 -81.600006 -15.6 -208.2 -47.9
7.831 7.831 -14.3 -197.0 -81.600006 -15.6 -208.2 -47.9
7.851 7.851 -14.3 -197.0 -81.600006 -15.6 -208.2 -47.9
7.871 7.871 -14.3 -197.0 -81.7 -15.6 -208.2 -47.9
7.891 7.891 -14.3 -197.0 -81.7 -15.6 -208.2 -47.9
7.911 7.911 -14.400001 -197.0 -81.7 -15.6 -208.2 -47.9
7.931 7.931 -14.400001 -197.0 -81.8 -15.6 -208.2 -47.9
7.957 7.951 -14.400001 -197.0 -81.8 -15.6 -208.2 -47.9
7.976 7.971 -14.400001 -197.0 -81.8 -15.6 -208.2 -47.9
7.993 7.991 -14.400001 -197.0 -81.8 -15.6 -208.2 -47.9
8.012 8.011 -14.400001 -197.0 -81.8 -15.6 -208.2 -47.9
8.031 8.031 -14.400001 -197.0 -81.8 -15.6 -208.2 -47.9
8.052 8.051 -14.400001 -197.0 -81.8 -15.6 -208.2 -47.9
8.072 8.071 -14.400001 -197.0 -81.8 -15.6 -208.2 -47.9
8.092 8.091 -14.400001 -197.0 -81.7 -15.6 -208.2 -47.9
8.112 8.111 -14.400001 -197.0 -81.600006 -15.6 -208.2 -47.9
8.132 8.131 -14.400001 -197.0 -81.7 -15.6 -208.2 -47.9
8.155 8.151 -14.5 -197.09999 -81.7 -15.6 -208.2 -47.9
8.172 8.171 -14.5 -197.0 -81.7 -15.6 -208.2 -47.9
8.192 8.191 -14.5 -197.0 -81.7 -15.6 -208.2 -47.9
8.212 8.211 -14.5 -197.0 -81.7 -15.6 -208.2 -47.9
8.232 8.231 -14.5 -197.0 -81.7 -15.6 -208.2 -47.9
8.252 8.251 -14.6 -197.09999 -81.7 -15.6 -208.2 -47.9
8.272 8.271 -14.6 -197.09999 -81.8 -15.6 -208.2 -47.9
8.292 8.291 -14.6 -197.09999 -81.8 -15.6 -208.2 -47.9
8.312 8.311 -14.6 -197.09999 -81.9 -15.6 -208.2 -47.9
8.332 8.331 -14.6 -197.09999 -81.9 -15.6 -208.2 -47.9
8.352 8.351 -14.6 -197.09999 -81.9 -15.6 -208.2 -47.9
8.372 8.371 -14.6 -197.09999 -81.9 -15.6 -208.2 -47.9
8.391 8.391 -14.6 -197.0 -81.9 -15.6 -208.2 -47.9
8.411 8.411 -14.6 -197.09999 -81.8 -15.6 -208.2 -47.9
8.431 8.431 -14.6 -197.09999 -81.9 -15.6 -208.2 -47.9
8.451 8.451 -14.5 -197.09999 -81.8 -15.6 -208.2 -47.9
8.471 8.471 -14.5 -197.09999 -81.7 -15.6 -208.2 -47.9
8.491 8.491 -14.5 -197.09999 -81.7 -15.6 -208.2 -47.9
8.511 8.511 -14.5 -197.09999 -81.7 -15.6 -208.2 -47.9
8.531 8.531 -14.5 -197.09999 -81.600006 -15.6 -208.2 -47.9
8.551 8.551 -14.5 -197.09999 -81.600006 -15.6 -208.2 -47.9
8.571 8.571 -14.6 -197.09999 -81.600006 -15.6 -208.2 -47.9
8.592 8.591 -14.6 -197.09999 -81.600006 -15.6 -208.2 -47.9
8.611 8.611 -14.6 -197.09999 -81.600006 -15.6 -208.2 -47.9
8.631 8.631 -14.6 -197.09999 -81.600006 -15.6 -208.2 -47.9
8.651 8.651 -14.700001 -197.09999 -81.7 -15.6 -208.2 -47.9
8.671 8.671 -14.700001 -197.09999 -81.7 -15.6 -208.2 -47.9
8.692 8.691 -14.700001 -197.09999 -81.7 -15.6 -208.2 -47.9
8.712 8.711 -14.6 -197.09999 -81.7 -15.6 -208.2 -47.9
8.732 8.731 -14.6 -197.09999 -81.7 -15.6 -208.2 -47.9
8.752 8.751 -14.6 -197.09999 -81.7 -15.6 -208.2 -47.9
8.772 8.771 -14.6 -197.2 -81.600006 -15.6 -208.2 -47.9
8.792 8.791 -14.6 -197.2 -81.600006 -15.6 -208.2 -47.9
8.812 8.811 -14.5 -197.2 -81.5 -15.6 -208.2 -47.9
8.832 8.831 -14.5 -197.2 -81.5 -15.6 -208.2 -47.9
8.852 8.851 -14.6 -197.09999 -81.5 -15.6 -208.2 -47.9
8.872 8.871 -14.6 -197.09999 -81.4 -15.6 -208.2 -47.9
8.892 8.891 -14.6 -197.2 -81.4 -15.6 -208.2 -47.9
8.912 8.911 -14.6 -197.2 -81.3 -15.6 -208.2 -47.9
8.933 8.931 -14.6 -197.2 -81.3 -15.6 -208.2 -47.9
8.951 8.951 -14.6 -197.2 -81.3 -15.6 -208.2 -47.9
8.971 8.971 -14.6 -197.2 -81.3 -15.6 -208.2 -47.9
8.991 8.991 -14.6 -197.2 -81.3 -15.6 -208.2 -47.9
9.011 9.011 -14.6 -197.2 -81.3 -15.6 -208.2 -47.9
9.031 9.031 -14.700001 -197.2 -81.3 -15.6 -208.2 -47.9
9.052 9.051 -14.700001 -197.2 -81.3 -15.6 -208.2 -47.9
9.072 9.071 -14.700001 -197.2 -81.3 -15.6 -208.2 -47.9
9.092 9.091 -14.700001 -197.2 -81.3 -15.6 -208.2 -47.9
9.112 9.111 -14.700001 -197.2 -81.3 -15.6 -208.2 -47.9
9.132 9.131 -14.700001 -197.3 -81.3 -15.6 -208.2 -47.9
9.152 9.151 -14.6 -197.3 -81.3 -15.6 -208.2 -47.9
9.172 9.171 -14.6 -197.3 -81.3 -15.6 -208.2 -47.9
9.192 9.191 -14.6 -197.3 -81.3 -15.6 -208.2 -47.9
9.212 9.211 -14.5 -197.3 -81.3 -15.6 -208.2 -47.9
9.234 9.231 -14.5 -197.3 -81.2 -15.6 -208.2 -47.9
9.252 9.251 -14.5 -197.3 -81.3 -15.6 -208.2 -47.9
9.272 9.271 -14.5 -197.3 -81.2 -15.6 -208.2 -47.9
9.292 9.291 -14.5 -197.3 -81.3 -15.6 -208.2 -47.9
9.311 9.311 -14.6 -197.3 -81.3 -15.6 -208.2 -47.9
9.332 9.331 -14.6 -197.3 -81.3 -15.6 -208.2 -47.9
9.352 9.351 -14.6 -197.3 -81.3 -15.6 -208.2 -47.9
9.372 9.371 -14.5 -197.2 -81.3 -15.6 -208.2 -47.9
9.392 9.391 -14.5 -197.2 -81.3 -15.6 -208.2 -47.9
9.412 9.411 -14.5 -197.2 -81.3 -15.6 -208.2 -47.9
9.432 9.431 -14.5 -197.2 -81.3 -15.6 -208.2 -47.9
9.452 9.451 -14.5 -197.2 -81.4 -15.6 -208.2 -47.9
9.473 9.471 -14.5 -197.2 -81.4 -15.6 -208.2 -47.9
9.491 9.491 -14.5 -197.2 -81.4 -15.6 -208.2 -47.9
9.511 9.511 -14.400001 -197.2 -81.4 -15.6 -208.2 -47.9
9.534 9.531 -14.400001 -197.2 -81.4 -15.6 -208.2 -47.9
9.552 9.551 -14.3 -197.2 -81.4 -15.6 -208.2 -47.9
9.571 9.571 -14.3 -197.2 -81.4 -15.6 -208.2 -47.9
9.591 9.591 -14.3 -197.2 -81.5 -15.6 -208.2 -47.9
9.611 9.611 -14.400001 -197.2 -81.5 -15.6 -208.2 -47.9
9.631 9.631 -14.400001 -197.2 -81.5 -15.6 -208.2 -47.9
9.651 9.651 -14.400001 -197.2 -81.5 -15.6 -208.2 -47.9
9.672 9.671 -14.400001 -197.2 -81.600006 -15.6 -208.2 -47.9
9.692 9.691 -14.400001 -197.2 -81.600006 -15.6 -208.2 -47.9
9.712 9.711 -14.5 -197.2 -81.7 -15.6 -208.2 -47.9
9.732 9.731 -14.5 -197.09999 -81.7 -15.6 -208.2 -47.9
9.752 9.751 -14.5 -197.09999 -81.600006 -15.6 -208.2 -47.9
9.772 9.771 -14.5 -197.09999 -81.7 -15.6 -208.2 -47.9
9.792 9.791 -14.5 -197.09999 -81.8 -15.6 -208.2 -47.9
9.812 9.811 -14.5 -197.09999 -81.8 -15.6 -208.2 -47.9
9.832 9.831 -14.5 -197.09999 -81.8 -15.6 -208.2 -47.9
9.852 9.851 -14.400001 -197.09999 -81.7 -15.6 -208.2 -47.9
9.872 9.871 -14.400001 -197.09999 -81.7 -15.6 -208.2 -47.9
9.892 9.891 -14.400001 -197.09999 -81.7 -15.6 -208.2 -47.9
9.914 9.911 -14.400001 -197.09999 -81.600006 -15.6 -208.2 -47.9
9.932 9.931 -14.400001 -197.09999 -81.600006 -15.6 -208.2 -47.9
9.952 9.951 -14.3 -197.09999 -81.7 -15.6 -208.2 -47.9
9.972 9.971 -14.3 -197.2 -81.7 -15.6 -208.2 -47.9
9.992 9.991 -14.400001 -197.09999 -81.7 -15.6 -208.2 -47.9
10.012 10.011 -14.400001 -197.09999 -81.8 -15.6 -208.2 -47.9
10.032 10.031 -14.3 -197.09999 -81.8 -15.6 -208.2 -47.9
10.052 10.051 -14.3 -197.09999 -81.7 -15.6 -208.2 -47.9
10.072 10.071 -14.3 -197.09999 -81.7 -15.6 -208.2 -47.9
10.092 10.091 -14.400001 -197.09999 -81.7 -15.6 -208.2 -47.9
10.112 10.111 -14.400001 -197.09999 -81.7 -15.6 -208.2 -47.9
10.131 10.131 -14.400001 -197.09999 -81.7 -15.6 -208.2 -47.9
10.151 10.151 -14.400001 -197.09999 -81.7 -15.6 -208.2 -47.9
10.171 10.171 -14.400001 -197.09999 -81.7 -15.6 -208.2 -47.9
10.192 10.191 -14.400001 -197.0 -81.7 -15.6 -208.2 -47.9
10.212 10.211 -14.3 -197.0 -81.7 -15.6 -208.2 -47.9
10.233 10.231 -14.3 -197.09999 -81.7 -15.6 -208.2 -47.9
10.252 10.251 -14.3 -197.0 -81.600006 -15.6 -208.2 -47.9
10.272 10.271 -14.3 -197.09999 -81.7 -15.6 -208.2 -47.9
10.292 10.291 -14.3 -197.09999 -81.600006 -15.6 -208.2 -47.9
10.312 10.311 -14.3 -197.09999 -81.600006 -15.6 -208.2 -47.9
10.332 10.331 -14.3 -197.09999 -81.600006 -15.6 -208.2 -47.9
10.352 10.351 -14.3 -197.09999 -81.600006 -15.6 -208.2 -47.9
10.372 10.371 -14.3 -197.09999 -81.600006 -15.6 -208.2 -47.9
10.392 10.391 -14.3 -197.09999 -81.5 -15.6 -208.2 -47.9
10.412 10.411 -14.400001 -197.09999 -81.5 -15.6 -208.2 -47.9
10.432 10.431 -14.400001 -197.09999 -81.600006 -15.6 -208.2 -47.9
10.452 10.451 -14.400001 -197.09999 -81.600006 -15.6 -208.2 -47.9
10.472 10.471 -14.400001 -197.09999 -81.600006 -15.6 -208.2 -47.9
10.492 10.491 -14.400001 -197.09999 -81.600006 -15.6 -208.2 -47.9
10.512 10.511 -14.400001 -197.09999 -81.600006 -15.6 -208.2 -47.9
10.532 10.531 -14.400001 -197.09999 -81.600006 -15.6 -208.2 -47.9
10.552 10.551 -14.400001 -197.09999 -81.5 -15.6 -208.2 -47.9
10.572 10.571 -14.400001 -197.09999 -81.5 -15.6 -208.2 -47.9
10.591 10.591 -14.400001 -197.09999 -81.5 -15.6 -208.2 -47.9
10.612 10.611 -14.400001 -197.2 -81.5 -15.6 -208.2 -47.9
10.631 10.631 -14.400001 -197.2 -81.5 -15.6 -208.2 -47.9
10.651 10.651 -14.400001 -197.2 -81.5 -15.6 -208.2 -47.9
10.672 10.671 -14.400001 -197.2 -81.5 -15.6 -208.2 -47.9
10.693 10.691 -14.400001 -197.2 -81.5 -15.6 -208.2 -47.9
10.715 10.711 -14.400001 -197.2 -81.5 -15.6 -208.2 -47.9
10.732 10.731 -14.400001 -197.2 -81.5 -15.6 -208.2 -47.9
10.751 10.751 -14.400001 -197.2 -81.5 -15.6 -208.2 -47.9
10.791 10.776 -14.400001 -197.2 -81.600006 -15.6 -208.2 -47.9
10.811 10.811 -14.400001 -197.2 -81.600006 -15.6 -208.2 -47.9
10.831 10.831 -14.5 -197.2 -81.5 -15.6 -208.2 -47.9
10.851 10.851 -14.5 -197.2 -81.5 -15.6 -208.2 -47.9
10.871 10.871 -14.5 -197.09999 -81.5 -15.6 -208.2 -47.9
10.891 10.891 -14.400001 -197.09999 -81.5 -15.6 -208.2 -47.9
10.912 10.911 -14.400001 -197.09999 -81.5 -15.6 -208.2 -47.9
10.931 10.931 -14.400001 -197.09999 -81.4 -15.6 -208.2 -47.9
10.951 10.951 -14.400001 -197.09999 -81.4 -15.6 -208.2 -47.9
10.971 10.971 -14.400001 -197.09999 -81.4 -15.6 -208.2 -47.9
10.991 10.991 -14.400001 -197.09999 -81.4 -15.6 -208.2 -47.9
11.011 11.011 -14.400001 -197.09999 -81.4 -15.6 -208.2 -47.9
11.031 11.031 -14.400001 -197.09999 -81.4 -15.6 -208.2 -47.9
11.051 11.051 -14.400001 -197.09999 -81.3 -15.6 -208.2 -47.9
11.071 11.071 -14.400001 -197.09999 -81.3 -15.6 -208.2 -47.9
11.091 11.091 -14.400001 -197.0 -81.3 -15.6 -208.2 -47.9
11.111 11.111 -14.400001 -197.0 -81.3 -15.6 -208.2 -47.9
11.131 11.131 -14.3 -197.0 -81.3 -15.6 -208.2 -47.9
11.151 11.151 -14.400001 -197.0 -81.3 -15.6 -208.2 -47.9
11.171 11.171 -14.400001 -196.9 -81.3 -15.6 -208.2 -47.9
11.191 11.191 -14.3 -196.9 -81.4 -15.6 -208.2 -47.9
11.211 11.211 -14.3 -196.9 -81.3 -15.6 -208.2 -47.9
11.231 11.231 -14.3 -196.8 -81.3 -15.6 -208.2 -47.9
11.251 11.251 -14.3 -196.8 -81.3 -15.6 -208.2 -47.9
11.271 11.271 -14.3 -196.8 -81.3 -15.6 -208.2 -47.9
11.291 11.291 -14.3 -196.8 -81.3 -15.6 -208.2 -47.9
11.311 11.311 -14.200001 -196.7 -81.3 -15.6 -208.2 -47.9
11.331 11.331 -14.200001 -196.7 -81.2 -15.6 -208.2 -47.9
11.351 11.351 -14.200001 -196.7 -81.2 -15.6 -208.2 -47.9
11.371 11.371 -14.200001 -196.7 -81.3 -15.6 -208.2 -47.9
11.391 11.391 -14.200001 -196.7 -81.3 -15.6 -208.2 -47.9
11.411 11.411 -14.200001 -196.7 -81.3 -15.6 -208.2 -47.9
11.431 11.431 -14.200001 -196.7 -81.3 -15.6 -208.2 -47.9
11.451 11.451 -14.200001 -196.59999 -81.4 -15.6 -208.2 -47.9
11.471 11.471 -14.200001 -196.59999 -81.4 -15.6 -208.2 -47.9
11.491 11.491 -14.200001 -196.59999 -81.4 -15.6 -208.2 -47.9
11.511 11.511 -14.200001 -196.59999 -81.4 -15.6 -208.2 -47.9
11.531 11.531 -14.3 -196.59999 -81.4 -15.6 -208.2 -47.9
11.551 11.551 -14.3 -196.59999 -81.5 -15.6 -208.2 -47.9
11.585 11.571 -14.3 -196.59999 -81.4 -15.6 -208.2 -47.9
11.605 11.591 -14.3 -196.59999 -81.5 -15.6 -208.2 -47.9
11.619 11.611 -14.3 -196.59999 -81.5 -15.6 -208.2 -47.9
11.632 11.631 -14.3 -196.59999 -81.5 -15.6 -208.2 -47.9
11.651 11.651 -14.3 -196.59999 -81.5 -15.6 -208.2 -47.9
11.671 11.671 -14.3 -196.59999 -81.600006 -15.6 -208.2 -47.9
11.691 11.691 -14.3 -196.59999 -81.600006 -15.6 -208.2 -47.9
11.711 11.711 -14.3 -196.59999 -81.600006 -15.6 -208.2 -47.9
11.731 11.731 -14.3 -196.59999 -81.600006 -15.6 -208.2 -47.9
11.751 11.751 -14.3 -196.59999 -81.600006 -15.6 -208.2 -47.9
11.771 11.771 -14.3 -196.59999 -81.600006 -15.6 -208.2 -47.9
11.791 11.791 -14.3 -196.59999 -81.600006 -15.6 -208.2 -47.9
11.811 11.811 -14.3 -196.59999 -81.600006 -15.6 -208.2 -47.9
11.831 11.831 -14.400001 -196.5 -81.600006 -15.6 -208.2 -47.9
11.851 11.851 -14.400001 -196.5 -81.600006 -15.6 -208.2 -47.9
11.871 11.871 -14.3 -196.5 -81.7 -15.6 -208.2 -47.9
11.891 11.891 -14.3 -196.5 -81.7 -15.6 -208.2 -47.9
11.911 11.911 -14.3 -196.5 -81.600006 -15.6 -208.2 -47.9
11.932 11.931 -14.3 -196.5 -81.7 -15.6 -208.2 -47.9
11.951 11.951 -14.400001 -196.5 -81.7 -15.6 -208.2 -47.9
11.971 11.971 -14.400001 -196.5 -81.600006 -15.6 -208.2 -47.9
11.991 11.991 -14.3 -196.5 -81.5 -15.6 -208.2 -47.9
12.011 12.011 -14.3 -196.5 -81.600006 -15.6 -208.2 -47.9
12.031 12.031 -14.3 -196.5 -81.600006 -15.6 -208.2 -47.9
12.051 12.051 -14.3 -196.5 -81.600006 -15.6 -208.2 -47.9
12.072 12.071 -14.3 -196.5 -81.5 -15.6 -208.2 -47.9
12.092 12.091 -14.3 -196.5 -81.600006 -15.6 -208.2 -47.9
12.112 12.111 -14.3 -196.5 -81.600006 -15.6 -208.2 -47.9
12.132 12.131 -14.200001 -196.5 -81.600006 -15.6 -208.2 -47.9
12.152 12.151 -14.200001 -196.5 -81.600006 -15.6 -208.2 -47.9
12.172 12.171 -14.200001 -196.4 -81.7 -15.6 -208.2 -47.9
12.192 12.191 -14.200001 -196.4 -81.7 -15.6 -208.2 -47.9
12.212 12.211 -14.200001 -196.4 -81.8 -15.6 -208.2 -47.9
12.233 12.231 -14.1 -196.4 -81.7 -15.6 -208.2 -47.9
12.252 12.251 -14.1 -196.4 -81.7 -15.6 -208.2 -47.9
12.275 12.271 -14.1 -196.4 -81.7 -15.6 -208.2 -47.9
12.292 12.291 -14.1 -196.4 -81.600006 -15.6 -208.2 -47.9
12.313 12.311 -14.0 -196.4 -81.600006 -15.6 -208.2 -47.9
12.331 12.331 -14.0 -196.5 -81.7 -15.6 -208.2 -47.9
12.351 12.351 -14.0 -196.4 -81.7 -15.6 -208.2 -47.9
12.371 12.371 -14.0 -196.5 -81.7 -15.6 -208.2 -47.9
12.391 12.391 -14.0 -196.5 -81.8 -15.6 -208.2 -47.9
12.411 12.411 -14.0 -196.5 -81.8 -15.6 -208.2 -47.9
12.431 12.431 -14.0 -196.5 -81.9 -15.6 -208.2 -47.9
12.452 12.451 -14.0 -196.5 -81.8 -15.6 -208.2 -47.9
12.472 12.471 -14.0 -196.5 -81.8 -15.6 -208.2 -47.9
12.492 12.491 -14.0 -196.59999 -81.8 -15.6 -208.2 -47.9
12.512 12.511 -14.0 -196.59999 -81.8 -15.6 -208.2 -47.9
12.532 12.531 -14.0 -196.59999 -81.8 -15.6 -208.2 -47.9
12.552 12.551 -14.0 -196.59999 -81.9 -15.6 -208.2 -47.9
12.576 12.571 -14.0 -196.59999 -81.9 -15.6 -208.2 -47.9
12.591 12.591 -14.0 -196.59999 -81.9 -15.6 -208.2 -47.9
12.611 12.611 -14.0 -196.59999 -81.8 -15.6 -208.2 -47.9
12.631 12.631 -14.0 -196.59999 -81.8 -15.6 -208.2 -47.9
12.651 12.651 -14.0 -196.59999 -81.8 -15.6 -208.2 -47.9
12.671 12.671 -14.0 -196.59999 -81.8 -15.6 -208.2 -47.9
12.691 12.691 -14.0 -196.59999 -81.7 -15.6 -208.2 -47.9
12.712 12.711 -13.900001 -196.59999 -81.7 -15.6 -208.2 -47.9
12.733 12.732 -13.900001 -196.59999 -81.7 -15.6 -208.2 -47.9
12.751 12.751 -14.0 -196.59999 -81.7 -15.6 -208.2 -47.9
12.771 12.771 -14.0 -196.59999 -81.600006 -15.6 -208.2 -47.9
12.791 12.791 -14.0 -196.59999 -81.5 -15.6 -208.2 -47.9
12.811 12.811 -14.0 -196.59999 -81.5 -15.6 -208.2 -47.9
12.831 12.831 -14.0 -196.7 -81.5 -15.6 -208.2 -47.9
12.851 12.851 -14.0 -196.59999 -81.5 -15.6 -208.2 -47.9
12.871 12.871 -14.0 -196.59999 -81.5 -15.6 -208.2 -47.9
12.891 12.891 -14.0 -196.59999 -81.5 -15.6 -208.2 -47.9
12.911 12.911 -14.1 -196.59999 -81.5 -15.6 -208.2 -47.9
12.931 12.931 -14.1 -196.59999 -81.4 -15.6 -208.2 -47.9
12.951 12.951 -14.1 -196.59999 -81.4 -15.6 -208.2 -47.9
12.971 12.971 -14.0 -196.59999 -81.3 -15.6 -208.2 -47.9
12.991 12.991 -14.1 -196.59999 -81.3 -15.6 -208.2 -47.9
13.012 13.011 -14.0 -196.59999 -81.2 -15.6 -208.2 -47.9
13.033 13.031 -14.0 -196.59999 -81.2 -15.6 -208.2 -47.9
13.051 13.051 -14.0 -196.59999 -81.3 -15.6 -208.2 -47.9
13.071 13.071 -14.0 -196.59999 -81.2 -15.6 -208.2 -47.9
13.092 13.091 -13.900001 -196.59999 -81.2 -15.6 -208.2 -47.9
13.112 13.111 -13.900001 -196.59999 -81.2 -15.6 -208.2 -47.9
13.132 13.131 -14.0 -196.59999 -81.2 -15.6 -208.2 -47.9
13.156 13.151 -14.0 -196.59999 -81.2 -15.6 -208.2 -47.9
13.172 13.171 -14.0 -196.59999 -81.2 -15.6 -208.2 -47.9
13.192 13.191 -13.900001 -196.59999 -81.2 -15.6 -208.2 -47.9
13.212 13.211 -14.0 -196.59999 -81.2 -15.6 -208.2 -47.9
13.232 13.231 -14.0 -196.7 -81.3 -15.6 -208.2 -47.9
13.252 13.251 -14.0 -196.7 -81.3 -15.6 -208.2 -47.9
13.272 13.271 -14.0 -196.7 -81.3 -15.6 -208.2 -47.9
13.292 13.291 -14.0 -196.7 -81.3 -15.6 -208.2 -47.9
13.312 13.311 -14.0 -196.7 -81.3 -15.6 -208.2 -47.9
13.332 13.331 -14.0 -196.7 -81.3 -15.6 -208.2 -47.9
13.352 13.351 -14.0 -196.7 -81.3 -15.6 -208.2 -47.9
13.372 13.371 -14.0 -196.7 -81.4 -15.6 -208.2 -47.9
13.392 13.391 -14.0 -196.7 -81.4 -15.6 -208.2 -47.9
13.412 13.411 -14.0 -196.7 -81.4 -15.6 -208.2 -47.9
13.432 13.431 -14.0 -196.7 -81.4 -15.6 -208.2 -47.9
13.456 13.451 -14.0 -196.7 -81.5 -15.6 -208.2 -47.9
13.472 13.471 -14.0 -196.7 -81.5 -15.6 -208.2 -47.9
13.492 13.491 -14.0 -196.7 -81.5 -15.6 -208.2 -47.9
13.512 13.511 -14.0 -196.7 -81.4 -15.6 -208.2 -47.9
13.532 13.531 -14.0 -196.59999 -81.5 -15.6 -208.2 -47.9
13.552 13.551 -14.0 -196.59999 -81.600006 -15.6 -208.2 -47.9
13.572 13.571 -14.0 -196.7 -81.600006 -15.6 -208.2 -47.9
13.592 13.591 -14.0 -196.7 -81.600006 -15.6 -208.2 -47.9
13.613 13.611 -14.0 -196.7 -81.600006 -15.6 -208.2 -47.9
13.632 13.631 -14.0 -196.7 -81.5 -15.6 -208.2 -47.9
13.652 13.651 -14.0 -196.7 -81.600006 -15.6 -208.2 -47.9
13.673 13.671 -13.900001 -196.59999 -81.600006 -15.6 -208.2 -47.9
13.692 13.691 -13.900001 -196.7 -81.5 -15.6 -208.2 -47.9
13.712 13.711 -13.900001 -196.7 -81.5 -15.6 -208.2 -47.9
13.732 13.731 -14.0 -196.7 -81.5 -15.6 -208.2 -47.9
13.754 13.751 -14.0 -196.7 -81.600006 -15.6 -208.2 -47.9
13.771 13.771 -14.0 -196.7 -81.600006 -15.6 -208.2 -47.9
13.791 13.791 -13.900001 -196.7 -81.600006 -15.6 -208.2 -47.9
13.811 13.811 -13.900001 -196.59999 -81.7 -15.6 -208.2 -47.9
13.831 13.831 -13.900001 -196.59999 -81.7 -15.6 -208.2 -47.9
13.851 13.851 -13.900001 -196.59999 -81.600006 -15.6 -208.2 -47.9
13.871 13.871 -13.900001 -196.59999 -81.7 -15.6 -208.2 -47.9
13.892 13.891 -13.900001 -196.59999 -81.600006 -15.6 -208.2 -47.9
13.912 13.911 -13.900001 -196.59999 -81.600006 -15.6 -208.2 -47.9
13.932 13.931 -13.900001 -196.7 -81.7 -15.6 -208.2 -47.9
13.952 13.951 -13.900001 -196.7 -81.8 -15.6 -208.2 -47.9
13.972 13.971 -13.900001 -196.7 -81.8 -15.6 -208.2 -47.9
13.993 13.991 -14.0 -196.7 -81.8 -15.6 -208.2 -47.9
14.014 14.011 -13.900001 -196.7 -81.8 -15.6 -208.2 -47.9
14.032 14.031 -13.900001 -196.7 -81.7 -15.6 -208.2 -47.9
14.054 14.051 -13.900001 -196.7 -81.600006 -15.6 -208.2 -47.9
14.071 14.071 -13.900001 -196.7 -81.7 -15.6 -208.2 -47.9
14.091 14.091 -13.900001 -196.8 -81.600006 -15.6 -208.2 -47.9
14.111 14.111 -13.900001 -196.8 -81.600006 -15.6 -208.2 -47.9
14.131 14.131 -13.900001 -196.8 -81.600006 -15.6 -208.2 -47.9
14.151 14.151 -13.900001 -196.7 -81.600006 -15.6 -208.2 -47.9
14.172 14.171 -13.900001 -196.8 -81.600006 -15.6 -208.2 -47.9
14.192 14.191 -13.900001 -196.8 -81.600006 -15.6 -208.2 -47.9
14.212 14.211 -13.900001 -196.8 -81.8 -15.6 -208.2 -47.9
14.232 14.231 -13.900001 -196.8 -81.8 -15.6 -208.2 -47.9
14.252 14.251 -14.0 -196.8 -81.7 -15.6 -208.2 -47.9
14.272 14.271 -14.0 -196.8 -81.7 -15.6 -208.2 -47.9
14.292 14.291 -14.1 -196.8 -81.7 -15.6 -208.2 -47.9
14.312 14.311 -14.1 -196.8 -81.8 -15.6 -208.2 -47.9
14.332 14.331 -14.0 -196.8 -81.8 -15.6 -208.2 -47.9
14.352 14.351 -14.0 -196.8 -81.8 -15.6 -208.2 -47.9
14.372 14.371 -14.0 -196.8 -81.8 -15.6 -208.2 -47.9
14.392 14.391 -14.0 -196.8 -81.9 -15.6 -208.2 -47.9
14.412 14.411 -14.0 -196.8 -81.8 -15.6 -208.2 -47.9
14.432 14.431 -14.0 -196.8 -81.7 -15.6 -208.2 -47.9
14.452 14.451 -14.0 -196.9 -81.8 -15.6 -208.2 -47.9
14.472 14.471 -14.0 -196.9 -81.8 -15.6 -208.2 -47.9
14.492 14.491 -14.0 -196.8 -81.8 -15.6 -208.2 -47.9
14.512 14.511 -14.0 -196.9 -81.8 -15.6 -208.2 -47.9
14.532 14.531 -14.0 -196.8 -81.8 -15.6 -208.2 -47.9
14.552 14.551 -14.0 -196.8 -81.8 -15.6 -208.2 -47.9
14.572 14.571 -14.1 -196.8 -81.8 -15.6 -208.2 -47.9
14.592 14.591 -14.0 -196.8 -81.8 -15.6 -208.2 -47.9
14.612 14.611 -14.0 -196.8 -81.8 -15.6 -208.2 -47.9
14.632 14.631 -14.0 -196.8 -81.8 -15.6 -208.2 -47.9
14.652 14.651 -14.0 -196.8 -81.9 -15.6 -208.2 -47.9
14.672 14.671 -14.1 -196.8 -81.9 -15.6 -208.2 -47.9
14.692 14.691 -14.1 -196.8 -82.0 -15.6 -208.2 -47.9
14.712 14.711 -14.1 -196.8 -82.100006 -15.6 -208.2 -47.9
14.732 14.731 -14.200001 -196.8 -82.100006 -15.6 -208.2 -47.9
14.752 14.751 -14.200001 -196.8 -82.100006 -15.6 -208.2 -47.9
14.772 14.771 -14.1 -196.8 -82.0 -15.6 -208.2 -47.9
14.792 14.791 -14.1 -196.8 -82.0 -15.6 -208.2 -47.9
14.812 14.811 -14.1 -196.8 -81.9 -15.6 -208.2 -47.9
14.832 14.831 -14.1 -196.8 -82.0 -15.6 -208.2 -47.9
14.852 14.851 -14.1 -196.8 -82.0 -15.6 -208.2 -47.9
14.872 14.871 -14.1 -196.8 -82.0 -15.6 -208.2 -47.9
14.892 14.891 -14.0 -196.8 -82.0 -15.6 -208.2 -47.9
14.912 14.911 -14.1 -196.8 -81.9 -15.6 -208.2 -47.9
14.934 14.931 -14.1 -196.8 -81.9 -15.6 -208.2 -47.9
14.952 14.951 -14.1 -196.8 -81.9 -15.6 -208.2 -47.9
14.972 14.971 -14.1 -196.9 -81.8 -15.6 -208.2 -47.9
14.992 14.991 -14.1 -196.9 -81.8 -15.6 -208.2 -47.9
15.012 15.011 -14.200001 -196.9 -81.8 -15.6 -208.2 -47.9
15.034 15.031 -14.1 -196.9 -81.9 -15.6 -208.2 -47.9
15.058 15.051 -14.1 -196.8 -81.8 -15.6 -208.2 -47.9
15.074 15.071 -14.1 -196.8 -81.9 -15.6 -208.2 -47.9
15.091 15.091 -14.1 -196.9 -81.8 -15.6 -208.2 -47.9
15.111 15.111 -14.1 -196.8 -81.7 -15.6 -208.2 -47.9
15.131 15.131 -14.200001 -196.8 -81.7 -15.6 -208.2 -47.9
15.151 15.151 -14.200001 -196.9 -81.7 -15.6 -208.2 -47.9
15.172 15.171 -14.200001 -196.9 -81.7 -15.6 -208.2 -47.9
15.192 15.191 -14.1 -196.9 -81.7 -15.6 -208.2 -47.9
15.212 15.211 -14.200001 -196.9 -81.7 -15.6 -208.2 -47.9
15.234 15.231 -14.200001 -196.9 -81.7 -15.6 -208.2 -47.9
15.252 15.251 -14.200001 -196.9 -81.7 -15.6 -208.2 -47.9
15.271 15.271 -14.200001 -196.8 -81.7 -15.6 -208.2 -47.9
15.291 15.291 -14.200001 -196.8 -81.600006 -15.6 -208.2 -47.9
15.316 15.311 -14.200001 -196.9 -81.600006 -15.6 -208.2 -47.9
15.332 15.331 -14.200001 -196.9 -81.7 -15.6 -208.2 -47.9
15.352 15.351 -14.200001 -196.9 -81.7 -15.6 -208.2 -47.9
15.372 15.371 -14.200001 -196.8 -81.7 -15.6 -208.2 -47.9
15.392 15.391 -14.1 -196.8 -81.7 -15.6 -208.2 -47.9
15.412 15.411 -14.200001 -196.8 -81.7 -15.6 -208.2 -47.9
15.432 15.431 -14.1 -196.8 -81.7 -15.6 -208.2 -47.9
15.452 15.451 -14.1 -196.8 -81.7 -15.6 -208.2 -47.9
15.472 15.471 -14.200001 -196.8 -81.7 -15.6 -208.2 -47.9
15.492 15.491 -14.200001 -196.8 -81.7 -15.6 -208.2 -47.9
15.512 15.511 -14.200001 -196.7 -81.8 -15.6 -208.2 -47.9
15.532 15.531 -14.200001 -196.7 -81.8 -15.6 -208.2 -47.9
15.552 15.551 -14.200001 -196.7 -81.8 -15.6 -208.2 -47.9
15.572 15.571 -14.200001 -196.7 -81.8 -15.6 -208.2 -47.9
15.592 15.591 -14.200001 -196.7 -81.8 -15.6 -208.2 -47.9
15.612 15.611 -14.200001 -196.7 -81.8 -15.6 -208.2 -47.9
15.633 15.631 -14.3 -196.7 -81.8 -15.6 -208.2 -47.9
15.652 15.651 -14.3 -196.7 -81.8 -15.6 -208.2 -47.9
15.672 15.671 -14.3 -196.7 -81.7 -15.6 -208.2 -47.9
15.692 15.691 -14.200001 -196.7 -81.8 -15.6 -208.2 -47.9
15.712 15.711 -14.200001 -196.7 -81.7 -15.6 -208.2 -47.9
15.732 15.731 -14.200001 -196.7 -81.7 -15.6 -208.2 -47.9
15.752 15.751 -14.200001 -196.7 -81.7 -15.6 -208.2 -47.9
15.772 15.771 -14.3 -196.7 -81.7 -15.6 -208.2 -47.9
15.791 15.791 -14.3 -196.7 -81.7 -15.6 -208.2 -47.9
15.811 15.811 -14.3 -196.7 -81.7 -15.6 -208.2 -47.9
15.832 15.831 -14.3 -196.7 -81.600006 -15.6 -208.2 -47.9
15.851 15.851 -14.3 -196.7 -81.7 -15.6 -208.2 -47.9
15.871 15.871 -14.200001 -196.7 -81.7 -15.6 -208.2 -47.9
15.891 15.891 -14.200001 -196.7 -81.7 -15.6 -208.2 -47.9
15.911 15.911 -14.200001 -196.7 -81.7 -15.6 -208.2 -47.9
15.931 15.931 -14.200001 -196.7 -81.600006 -15.6 -208.2 -47.9
15.951 15.951 -14.3 -196.7 -81.600006 -15.6 -208.2 -47.9
15.971 15.971 -14.3 -196.7 -81.600006 -15.6 -208.2 -47.9
15.991 15.991 -14.200001 -196.7 -81.7 -15.6 -208.2 -47.9
16.011 16.011 -14.200001 -196.7 -81.600006 -15.6 -208.2 -47.9
16.031 16.031 -14.200001 -196.7 -81.600006 -15.6 -208.2 -47.9
16.051 16.051 -14.200001 -196.7 -81.600006 -15.6 -208.2 -47.9
16.071 16.071 -14.3 -196.7 -81.600006 -15.6 -208.2 -47.9
16.091 16.091 -14.3 -196.7 -81.600006 -15.6 -208.2 -47.9
16.111 16.111 -14.200001 -196.7 -81.600006 -15.6 -208.2 -47.9
16.131 16.131 -14.200001 -196.7 -81.7 -15.6 -208.2 -47.9
16.151 16.151 -14.200001 -196.7 -81.7 -15.6 -208.2 -47.9
16.172 16.171 -14.200001 -196.7 -81.600006 -15.6 -208.2 -47.9
16.192 16.191 -14.200001 -196.7 -81.600006 -15.6 -208.2 -47.9
16.212 16.211 -14.200001 -196.7 -81.600006 -15.6 -208.2 -47.9
16.232 16.231 -14.200001 -196.8 -81.600006 -15.6 -208.2 -47.9
16.252 16.251 -14.200001 -196.8 -81.7 -15.6 -208.2 -47.9
16.272 16.271 -14.200001 -196.8 -81.7 -15.6 -208.2 -47.9
16.294 16.291 -14.200001 -196.8 -81.7 -15.6 -208.2 -47.9
16.312 16.312 -14.200001 -196.8 -81.7 -15.6 -208.2 -47.9
16.331 16.331 -14.1 -196.7 -81.7 -15.6 -208.2 -47.9
16.351 16.351 -14.1 -196.7 -81.600006 -15.6 -208.2 -47.9
16.371 16.371 -14.1 -196.7 -81.600006 -15.6 -208.2 -47.9
16.397 16.391 -14.1 -196.7 -81.600006 -15.6 -208.2 -47.9
16.411 16.411 -14.1 -196.7 -81.600006 -15.6 -208.2 -47.9
16.431 16.431 -14.1 -196.7 -81.7 -15.6 -208.2 -47.9
16.451 16.451 -14.200001 -196.7 -81.600006 -15.6 -208.2 -47.9
16.471 16.471 -14.200001 -196.7 -81.600006 -15.6 -208.2 -47.9
16.491 16.491 -14.1 -196.7 -81.7 -15.6 -208.2 -47.9
16.511 16.511 -14.1 -196.7 -81.7 -15.6 -208.2 -47.9
16.531 16.531 -14.1 -196.7 -81.600006 -15.6 -208.2 -47.9
16.551 16.551 -14.1 -196.7 -81.600006 -15.6 -208.2 -47.9
16.571 16.571 -14.200001 -196.7 -81.600006 -15.6 -208.2 -47.9
16.591 16.591 -14.200001 -196.7 -81.5 -15.6 -208.2 -47.9
16.611 16.611 -14.200001 -196.7 -81.5 -15.6 -208.2 -47.9
16.631 16.631 -14.200001 -196.7 -81.600006 -15.6 -208.2 -47.9
16.651 16.651 -14.200001 -196.7 -81.600006 -15.6 -208.2 -47.9
16.671 16.671 -14.1 -196.7 -81.600006 -15.6 -208.2 -47.9
16.691 16.691 -14.200001 -196.7 -81.5 -15.6 -208.2 -47.9
16.720 16.711 -14.200001 -196.7 -81.5 -15.6 -208.2 -47.9
16.731 16.731 -14.200001 -196.7 -81.5 -15.6 -208.2 -47.9
16.751 16.751 -14.200001 -196.7 -81.4 -15.6 -208.2 -47.9
16.771 16.771 -14.1 -196.7 -81.5 -15.6 -208.2 -47.9
16.791 16.791 -14.1 -196.7 -81.5 -15.6 -208.2 -47.9
16.811 16.811 -14.1 -196.7 -81.5 -15.6 -208.2 -47.9
16.831 16.831 -14.1 -196.59999 -81.5 -15.6 -208.2 -47.9
16.851 16.851 -14.1 -196.59999 -81.4 -15.6 -208.2 -47.9
16.871 16.871 -14.1 -196.7 -81.4 -15.6 -208.2 -47.9
16.891 16.891 -14.1 -196.7 -81.4 -15.6 -208.2 -47.9
16.911 16.911 -14.1 -196.7 -81.5 -15.6 -208.2 -47.9
16.931 16.931 -14.1 -196.7 -81.4 -15.6 -208.2 -47.9
16.951 16.951 -14.1 -196.7 -81.5 -15.6 -208.2 -47.9
16.971 16.971 -14.1 -196.7 -81.600006 -15.6 -208.2 -47.9
16.999 16.991 -14.1 -196.7 -81.600006 -15.6 -208.2 -47.9
17.011 17.011 -14.1 -196.7 -81.600006 -15.6 -208.2 -47.9
17.031 17.031 -14.1 -196.7 -81.7 -15.6 -208.2 -47.9
17.051 17.051 -14.1 -196.7 -81.7 -15.6 -208.2 -47.9
17.071 17.071 -14.1 -196.7 -81.7 -15.6 -208.2 -47.9
17.091 17.091 -14.1 -196.7 -81.600006 -15.6 -208.2 -47.9
17.111 17.111 -14.1 -196.7 -81.7 -15.6 -208.2 -47.9
17.164 17.141 -14.1 -196.7 -81.7 -15.6 -208.2 -47.9
17.164 17.161 -14.1 -196.7 -81.7 -15.6 -208.2 -47.9
17.181 17.181 -14.0 -196.7 -81.7 -15.6 -208.2 -47.9
17.201 17.201 -14.0 -196.7 -81.8 -15.6 -208.2 -47.9
17.223 17.221 -14.0 -196.7 -81.7 -15.6 -208.2 -47.9
17.241 17.241 -14.0 -196.7 -81.7 -15.6 -208.2 -47.9
17.261 17.261 -14.0 -196.7 -81.7 -15.6 -208.2 -47.9
17.281 17.281 -14.0 -196.7 -81.7 -15.6 -208.2 -47.9
17.301 17.301 -14.0 -196.7 -81.7 -15.6 -208.2 -47.9
17.321 17.321 -14.0 -196.8 -81.7 -15.6 -208.2 -47.9
17.341 17.341 -14.0 -196.8 -81.7 -15.6 -208.2 -47.9
17.361 17.361 -14.0 -196.8 -81.7 -15.6 -208.2 -47.9
17.381 17.381 -14.0 -196.9 -81.7 -15.6 -208.2 -47.9
17.401 17.401 -14.0 -196.9 -81.7 -15.6 -208.2 -47.9
17.421 17.421 -14.0 -196.9 -81.8 -15.6 -208.2 -47.9
17.441 17.441 -14.0 -196.9 -81.7 -15.6 -208.2 -47.9
17.462 17.461 -14.0 -196.9 -81.7 -15.6 -208.2 -47.9
17.481 17.481 -14.0 -196.9 -81.8 -15.6 -208.2 -47.9
17.501 17.501 -14.0 -196.9 -81.8 -15.6 -208.2 -47.9
17.521 17.521 -14.0 -196.9 -81.7 -15.6 -208.2 -47.9
17.541 17.541 -14.0 -196.9 -81.7 -15.6 -208.2 -47.9
17.561 17.561 -14.0 -197.0 -81.7 -15.6 -208.2 -47.9
17.581 17.581 -14.0 -197.0 -81.600006 -15.6 -208.2 -47.9
17.602 17.601 -14.0 -197.0 -81.5 -15.6 -208.2 -47.9
17.622 17.621 -14.0 -197.0 -81.5 -15.6 -208.2 -47.9
17.642 17.641 -14.0 -197.0 -81.4 -15.6 -208.2 -47.9
17.662 17.661 -13.900001 -197.0 -81.5 -15.6 -208.2 -47.9
17.682 17.681 -14.0 -197.09999 -81.5 -15.6 -208.2 -47.9
17.702 17.701 -14.0 -197.09999 -81.5 -15.6 -208.2 -47.9
17.722 17.721 -14.0 -197.09999 -81.4 -15.6 -208.2 -47.9
17.742 17.741 -14.0 -197.09999 -81.4 -15.6 -208.2 -47.9
17.762 17.761 -14.1 -197.09999 -81.4 -15.6 -208.2 -47.9
17.782 17.781 -14.1 -197.09999 -81.4 -15.6 -208.2 -47.9
17.801 17.801 -14.1 -197.2 -81.4 -15.6 -208.2 -47.9
17.821 17.821 -14.1 -197.2 -81.4 -15.6 -208.2 -47.9
17.841 17.841 -14.1 -197.2 -81.4 -15.6 -208.2 -47.9
17.861 17.861 -14.1 -197.2 -81.4 -15.6 -208.2 -47.9
17.881 17.881 -14.200001 -197.2 -81.4 -15.6 -208.2 -47.9
17.901 17.901 -14.200001 -197.2 -81.4 -15.6 -208.2 -47.9
17.922 17.921 -14.200001 -197.2 -81.4 -15.6 -208.2 -47.9
17.942 17.941 -14.200001 -197.09999 -81.4 -15.6 -208.2 -47.9
17.962 17.961 -14.200001 -197.2 -81.4 -15.6 -208.2 -47.9
17.981 17.981 -14.200001 -197.2 -81.4 -15.6 -208.2 -47.9
18.002 18.001 -14.200001 -197.2 -81.3 -15.6 -208.2 -47.9
18.022 18.021 -14.200001 -197.2 -81.3 -15.6 -208.2 -47.9
18.042 18.041 -14.200001 -197.2 -81.3 -15.6 -208.2 -47.9
18.062 18.061 -14.200001 -197.2 -81.3 -15.6 -208.2 -47.9
18.082 18.081 -14.3 -197.2 -81.3 -15.6 -208.2 -47.9
18.102 18.101 -14.3 -197.2 -81.3 -15.6 -208.2 -47.9
18.123 18.121 -14.3 -197.2 -81.4 -15.6 -208.2 -47.9
18.142 18.141 -14.3 -197.2 -81.3 -15.6 -208.2 -47.9
18.162 18.161 -14.3 -197.2 -81.3 -15.6 -208.2 -47.9
18.182 18.181 -14.3 -197.2 -81.4 -15.6 -208.2 -47.9
18.202 18.201 -14.3 -197.2 -81.4 -15.6 -208.2 -47.9
18.222 18.221 -14.400001 -197.2 -81.4 -15.6 -208.2 -47.9
18.243 18.241 -14.400001 -197.2 -81.4 -15.6 -208.2 -47.9
18.262 18.261 -14.400001 -197.2 -81.4 -15.6 -208.2 -47.9
18.282 18.281 -14.3 -197.2 -81.4 -15.6 -208.2 -47.9
18.302 18.301 -14.3 -197.2 -81.5 -15.6 -208.2 -47.9
18.322 18.321 -14.400001 -197.2 -81.5 -15.6 -208.2 -47.9
18.343 18.341 -14.400001 -197.2 -81.4 -15.6 -208.2 -47.9
18.362 18.361 -14.400001 -197.2 -81.5 -15.6 -208.2 -47.9
18.381 18.381 -14.3 -197.2 -81.5 -15.6 -208.2 -47.9
18.401 18.401 -14.3 -197.2 -81.5 -15.6 -208.2 -47.9
18.421 18.421 -14.3 -197.2 -81.5 -15.6 -208.2 -47.9
18.441 18.441 -14.400001 -197.2 -81.5 -15.6 -208.2 -47.9
18.461 18.461 -14.400001 -197.3 -81.5 -15.6 -208.2 -47.9
18.482 18.481 -14.400001 -197.3 -81.600006 -15.6 -208.2 -47.9
18.502 18.501 -14.400001 -197.3 -81.600006 -15.6 -208.2 -47.9
18.522 18.521 -14.400001 -197.3 -81.600006 -15.6 -208.2 -47.9
18.542 18.541 -14.400001 -197.3 -81.600006 -15.6 -208.2 -47.9
18.563 18.561 -14.400001 -197.3 -81.600006 -15.6 -208.2 -47.9
18.582 18.581 -14.400001 -197.3 -81.600006 -15.6 -208.2 -47.9
18.603 18.601 -14.400001 -197.3 -81.600006 -15.6 -208.2 -47.9
18.622 18.621 -14.400001 -197.3 -81.600006 -15.6 -208.2 -47.9
18.642 18.641 -14.400001 -197.3 -81.600006 -15.6 -208.2 -47.9
18.662 18.661 -14.400001 -197.3 -81.600006 -15.6 -208.2 -47.9
18.681 18.681 -14.400001 -197.3 -81.7 -15.6 -208.2 -47.9
18.701 18.701 -14.400001 -197.3 -81.600006 -15.6 -208.2 -47.9
18.721 18.721 -14.400001 -197.3 -81.600006 -15.6 -208.2 -47.9
18.741 18.741 -14.400001 -197.3 -81.600006 -15.6 -208.2 -47.9
18.761 18.761 -14.400001 -197.3 -81.600006 -15.6 -208.2 -47.9
18.781 18.781 -14.400001 -197.2 -81.7 -15.6 -208.2 -47.9
18.801 18.801 -14.400001 -197.3 -81.7 -15.6 -208.2 -47.9
18.822 18.821 -14.400001 -197.3 -81.7 -15.6 -208.2 -47.9
18.842 18.841 -14.400001 -197.3 -81.7 -15.6 -208.2 -47.9
18.862 18.861 -14.400001 -197.3 -81.7 -15.6 -208.2 -47.9
18.881 18.881 -14.400001 -197.2 -81.7 -15.6 -208.2 -47.9
18.901 18.901 -14.400001 -197.2 -81.7 -15.6 -208.2 -47.9
18.921 18.921 -14.400001 -197.2 -81.7 -15.6 -208.2 -47.9
18.942 18.941 -14.3 -197.2 -81.7 -15.6 -208.2 -47.9
18.962 18.961 -14.400001 -197.2 -81.7 -15.6 -208.2 -47.9
18.981 18.981 -14.400001 -197.2 -81.7 -15.6 -208.2 -47.9
19.001 19.001 -14.5 -197.2 -81.600006 -15.6 -208.2 -47.9
19.021 19.021 -14.5 -197.2 -81.600006 -15.6 -208.2 -47.9
19.041 19.041 -14.400001 -197.2 -81.600006 -15.6 -208.2 -47.9
19.061 19.061 -14.400001 -197.2 -81.600006 -15.6 -208.2 -47.9
19.082 19.081 -14.400001 -197.2 -81.5 -15.6 -208.2 -47.9
19.102 19.101 -14.400001 -197.2 -81.5 -15.6 -208.2 -47.9
19.122 19.121 -14.400001 -197.2 -81.600006 -15.6 -208.2 -47.9
19.142 19.141 -14.5 -197.2 -81.600006 -15.6 -208.2 -47.9
19.162 19.161 -14.5 -197.2 -81.600006 -15.6 -208.2 -47.9
19.181 19.181 -14.5 -197.09999 -81.600006 -15.6 -208.2 -47.9
19.202 19.201 -14.6 -197.09999 -81.600006 -15.6 -208.2 -47.9
19.222 19.221 -14.6 -197.09999 -81.600006 -15.6 -208.2 -47.9
19.242 19.241 -14.6 -197.2 -81.600006 -15.6 -208.2 -47.9
19.262 19.261 -14.5 -197.09999 -81.600006 -15.6 -208.2 -47.9
19.282 19.281 -14.5 -197.2 -81.600006 -15.6 -208.2 -47.9
19.303 19.301 -14.5 -197.09999 -81.600006 -15.6 -208.2 -47.9
19.322 19.321 -14.5 -197.09999 -81.600006 -15.6 -208.2 -47.9
19.342 19.341 -14.5 -197.09999 -81.600006 -15.6 -208.2 -47.9
19.362 19.361 -14.5 -197.09999 -81.600006 -15.6 -208.2 -47.9
19.382 19.381 -14.5 -197.09999 -81.600006 -15.6 -208.2 -47.9
19.402 19.401 -14.5 -197.09999 -81.5 -15.6 -208.2 -47.9
19.422 19.421 -14.5 -197.09999 -81.5 -15.6 -208.2 -47.9
19.442 19.441 -14.5 -197.09999 -81.5 -15.6 -208.2 -47.9
19.462 19.461 -14.5 -197.09999 -81.5 -15.6 -208.2 -47.9
19.482 19.481 -14.6 -197.09999 -81.600006 -15.6 -208.2 -47.9
19.502 19.501 -14.6 -197.09999 -81.5 -15.6 -208.2 -47.9
19.522 19.521 -14.6 -197.09999 -81.5 -15.6 -208.2 -47.9
19.542 19.541 -14.6 -197.0 -81.600006 -15.6 -208.2 -47.9
19.562 19.561 -14.6 -197.0 -81.600006 -15.6 -208.2 -47.9
19.582 19.581 -14.5 -197.0 -81.600006 -15.6 -208.2 -47.9
19.601 19.601 -14.5 -197.0 -81.600006 -15.6 -208.2 -47.9
19.621 19.621 -14.5 -197.0 -81.600006 -15.6 -208.2 -47.9
19.641 19.641 -14.5 -197.0 -81.600006 -15.6 -208.2 -47.9
19.661 19.661 -14.400001 -197.0 -81.7 -15.6 -208.2 -47.9
19.682 19.681 -14.400001 -196.9 -81.7 -15.6 -208.2 -47.9
19.702 19.701 -14.400001 -196.9 -81.7 -15.6 -208.2 -47.9
19.722 19.721 -14.400001 -196.9 -81.7 -15.6 -208.2 -47.9
19.742 19.741 -14.400001 -196.9 -81.600006 -15.6 -208.2 -47.9
19.762 19.761 -14.400001 -196.9 -81.600006 -15.6 -208.2 -47.9
19.782 19.781 -14.3 -196.9 -81.600006 -15.6 -208.2 -47.9
19.802 19.801 -14.3 -196.9 -81.5 -15.6 -208.2 -47.9
19.822 19.821 -14.3 -196.8 -81.600006 -15.6 -208.2 -47.9
19.842 19.841 -14.3 -196.8 -81.600006 -15.6 -208.2 -47.9
19.862 19.861 -14.3 -196.8 -81.600006 -15.6 -208.2 -47.9
19.882 19.881 -14.400001 -196.8 -81.600006 -15.6 -208.2 -47.9
19.902 19.901 -14.400001 -196.8 -81.5 -15.6 -208.2 -47.9
19.922 19.921 -14.400001 -196.8 -81.5 -15.6 -208.2 -47.9
19.942 19.941 -14.400001 -196.9 -81.600006 -15.6 -208.2 -47.9
19.962 19.961 -14.400001 -196.9 -81.5 -15.6 -208.2 -47.9
19.983 19.981 -14.400001 -196.9 -81.5 -15.6 -208.2 -47.9
20.002 20.001 -14.400001 -196.9 -81.5 -15.6 -208.2 -47.9
20.022 20.021 -14.400001 -196.9 -81.600006 -15.6 -208.2 -47.9
20.042 20.041 -14.400001 -196.9 -81.600006 -15.6 -208.2 -47.9
20.063 20.061 -14.400001 -196.9 -81.600006 -15.6 -208.2 -47.9
20.082 20.081 -14.400001 -196.9 -81.600006 -15.6 -208.2 -47.9
20.102 20.101 -14.400001 -196.8 -81.600006 -15.6 -208.2 -47.9
20.122 20.121 -14.3 -196.9 -81.600006 -15.6 -208.2 -47.9
20.142 20.141 -14.3 -196.9 -81.600006 -15.6 -208.2 -47.9
20.163 20.161 -14.3 -196.9 -81.600006 -15.6 -208.2 -47.9
20.182 20.181 -14.400001 -196.9 -81.7 -15.6 -208.2 -47.9
20.201 20.201 -14.400001 -196.9 -81.7 -15.6 -208.2 -47.9
20.221 20.221 -14.400001 -197.0 -81.8 -15.6 -208.2 -47.9
20.241 20.241 -14.400001 -197.0 -81.7 -15.6 -208.2 -47.9
20.261 20.261 -14.5 -197.0 -81.8 -15.6 -208.2 -47.9
20.282 20.281 -14.5 -196.9 -81.8 -15.6 -208.2 -47.9
20.301 20.301 -14.5 -197.0 -81.8 -15.6 -208.2 -47.9
20.322 20.321 -14.5 -197.0 -81.8 -15.6 -208.2 -47.9
20.342 20.341 -14.5 -197.0 -81.8 -15.6 -208.2 -47.9
20.362 20.361 -14.5 -197.0 -81.9 -15.6 -208.2 -47.9
20.382 20.381 -14.5 -197.0 -81.8 -15.6 -208.2 -47.9
20.403 20.401 -14.6 -197.09999 -81.9 -15.6 -208.2 -47.9
20.422 20.421 -14.6 -197.09999 -81.8 -15.6 -208.2 -47.9
20.442 20.441 -14.6 -197.09999 -81.7 -15.6 -208.2 -47.9
20.462 20.461 -14.5 -197.09999 -81.8 -15.6 -208.2 -47.9
20.482 20.481 -14.5 -197.09999 -81.8 -15.6 -208.2 -47.9
20.502 20.501 -14.5 -197.09999 -81.8 -15.6 -208.2 -47.9
20.522 20.521 -14.5 -197.09999 -81.8 -15.6 -208.2 -47.9
20.542 20.541 -14.400001 -197.09999 -81.7 -15.6 -208.2 -47.9
20.562 20.561 -14.400001 -197.09999 -81.7 -15.6 -208.2 -47.9
20.582 20.581 -14.400001 -197.09999 -81.8 -15.6 -208.2 -47.9
20.602 20.601 -14.400001 -197.09999 -81.8 -15.6 -208.2 -47.9
20.622 20.621 -14.400001 -197.09999 -81.8 -15.6 -208.2 -47.9
20.642 20.641 -14.400001 -197.09999 -81.8 -15.6 -208.2 -47.9
20.662 20.661 -14.400001 -197.09999 -81.8 -15.6 -208.2 -47.9
20.682 20.681 -14.400001 -197.09999 -81.7 -15.6 -208.2 -47.9
20.702 20.701 -14.5 -197.09999 -81.7 -15.6 -208.2 -47.9
20.722 20.721 -14.5 -197.09999 -81.8 -15.6 -208.2 -47.9
20.742 20.741 -14.5 -197.09999 -81.7 -15.6 -208.2 -47.9
20.763 20.761 -14.5 -197.09999 -81.7 -15.6 -208.2 -47.9
20.782 20.781 -14.5 -197.09999 -81.7 -15.6 -208.2 -47.9
20.801 20.801 -14.400001 -197.09999 -81.600006 -15.6 -208.2 -47.9
20.821 20.821 -14.400001 -197.09999 -81.600006 -15.6 -208.2 -47.9
20.841 20.841 -14.400001 -197.09999 -81.7 -15.6 -208.2 -47.9
20.861 20.861 -14.400001 -197.09999 -81.7 -15.6 -208.2 -47.9
20.882 20.881 -14.400001 -197.09999 -81.600006 -15.6 -208.2 -47.9
20.902 20.901 -14.400001 -197.09999 -81.600006 -15.6 -208.2 -47.9
20.922 20.921 -14.400001 -197.09999 -81.7 -15.6 -208.2 -47.9
20.942 20.941 -14.400001 -197.09999 -81.8 -15.6 -208.2 -47.9
20.963 20.961 -14.5 -197.09999 -81.7 -15.6 -208.2 -47.9
20.982 20.981 -14.5 -197.2 -81.7 -15.6 -208.2 -47.9
21.002 21.001 -14.5 -197.09999 -81.7 -15.6 -208.2 -47.9
21.022 21.021 -14.5 -197.09999 -81.7 -15.6 -208.2 -47.9
21.042 21.041 -14.5 -197.09999 -81.7 -15.6 -208.2 -47.9
21.062 21.061 -14.5 -197.09999 -81.7 -15.6 -208.2 -47.9
21.082 21.081 -14.5 -197.09999 -81.7 -15.6 -208.2 -47.9
21.102 21.101 -14.6 -197.09999 -81.7 -15.6 -208.2 -47.9
21.122 21.121 -14.6 -197.2 -81.600006 -15.6 -208.2 -47.9
21.142 21.141 -14.6 -197.2 -81.7 -15.6 -208.2 -47.9
21.161 21.161 -14.6 -197.2 -81.600006 -15.6 -208.2 -47.9
21.181 21.181 -14.6 -197.2 -81.600006 -15.6 -208.2 -47.9
21.201 21.201 -14.6 -197.2 -81.5 -15.6 -208.2 -47.9
21.222 21.221 -14.6 -197.2 -81.5 -15.6 -208.2 -47.9
21.243 21.241 -14.6 -197.2 -81.4 -15.6 -208.2 -47.9
21.262 21.261 -14.6 -197.2 -81.4 -15.6 -208.2 -47.9
21.282 21.281 -14.6 -197.2 -81.5 -15.6 -208.2 -47.9
21.302 21.301 -14.6 -197.2 -81.5 -15.6 -208.2 -47.9
21.322 21.321 -14.6 -197.2 -81.5 -15.6 -208.2 -47.9
21.342 21.341 -14.6 -197.3 -81.5 -15.6 -208.2 -47.9
21.362 21.361 -14.6 -197.3 -81.5 -15.6 -208.2 -47.9
21.381 21.381 -14.6 -197.3 -81.5 -15.6 -208.2 -47.9
21.401 21.401 -14.6 -197.3 -81.5 -15.6 -208.2 -47.9
21.421 21.421 -14.6 -197.3 -81.600006 -15.6 -208.2 -47.9
21.441 21.441 -14.6 -197.3 -81.5 -15.6 -208.2 -47.9
21.461 21.461 -14.6 -197.3 -81.5 -15.6 -208.2 -47.9
21.481 21.481 -14.6 -197.3 -81.5 -15.6 -208.2 -47.9
21.502 21.501 -14.6 -197.4 -81.4 -15.6 -208.2 -47.9
21.522 21.521 -14.6 -197.3 -81.3 -15.6 -208.2 -47.9
21.542 21.541 -14.6 -197.3 -81.2 -15.6 -208.2 -47.9
21.562 21.561 -14.5 -197.3 -81.3 -15.6 -208.2 -47.9
21.582 21.581 -14.5 -197.3 -81.4 -15.6 -208.2 -47.9
21.602 21.601 -14.5 -197.4 -81.4 -15.6 -208.2 -47.9
21.622 21.621 -14.5 -197.4 -81.4 -15.6 -208.2 -47.9
21.642 21.641 -14.6 -197.4 -81.4 -15.6 -208.2 -47.9
21.663 21.662 -14.6 -197.4 -81.5 -15.6 -208.2 -47.9
21.682 21.681 -14.5 -197.4 -81.5 -15.6 -208.2 -47.9
21.702 21.701 -14.5 -197.5 -81.5 -15.6 -208.2 -47.9
21.722 21.721 -14.5 -197.5 -81.600006 -15.6 -208.2 -47.9
21.742 21.741 -14.5 -197.5 -81.600006 -15.6 -208.2 -47.9
21.762 21.761 -14.5 -197.5 -81.7 -15.6 -208.2 -47.9
21.782 21.781 -14.6 -197.5 -81.7 -15.6 -208.2 -47.9
21.801 21.801 -14.6 -197.5 -81.8 -15.6 -208.2 -47.9
21.821 21.821 -14.6 -197.5 -81.9 -15.6 -208.2 -47.9
21.841 21.841 -14.6 -197.59999 -81.9 -15.6 -208.2 -47.9
21.862 21.861 -14.6 -197.59999 -81.9 -15.6 -208.2 -47.9
21.882 21.881 -14.6 -197.59999 -81.9 -15.6 -208.2 -47.9
21.902 21.901 -14.6 -197.59999 -81.9 -15.6 -208.2 -47.9
21.922 21.921 -14.6 -197.59999 -81.8 -15.6 -208.2 -47.9
21.942 21.941 -14.5 -197.59999 -81.8 -15.6 -208.2 -47.9
21.962 21.961 -14.5 -197.59999 -81.8 -15.6 -208.2 -47.9
21.982 21.981 -14.5 -197.7 -81.9 -15.6 -208.2 -47.9
22.001 22.001 -14.6 -197.7 -81.9 -15.6 -208.2 -47.9
22.021 22.021 -14.5 -197.7 -81.9 -15.6 -208.2 -47.9
22.041 22.041 -14.5 -197.7 -82.0 -15.6 -208.2 -47.9
22.061 22.061 -14.5 -197.7 -82.0 -15.6 -208.2 -47.9
22.081 22.081 -14.5 -197.7 -82.100006 -15.6 -208.2 -47.9
22.102 22.101 -14.5 -197.7 -82.100006 -15.6 -208.2 -47.9
22.122 22.121 -14.400001 -197.7 -82.2 -15.6 -208.2 -47.9
22.142 22.141 -14.400001 -197.7 -82.3 -15.6 -208.2 -47.9
22.162 22.161 -14.5 -197.7 -82.2 -15.6 -208.2 -47.9
22.182 22.181 -14.5 -197.7 -82.3 -15.6 -208.2 -47.9
22.202 22.201 -14.400001 -197.59999 -82.3 -15.6 -208.2 -47.9
22.222 22.221 -14.400001 -197.59999 -82.3 -15.6 -208.2 -47.9
22.243 22.241 -14.400001 -197.59999 -82.4 -15.6 -208.2 -47.9
22.262 22.261 -14.400001 -197.59999 -82.4 -15.6 -208.2 -47.9
22.282 22.281 -14.400001 -197.59999 -82.4 -15.6 -208.2 -47.9
22.302 22.301 -14.3 -197.59999 -82.4 -15.6 -208.2 -47.9
22.322 22.321 -14.400001 -197.59999 -82.5 -15.6 -208.2 -47.9
22.342 22.341 -14.400001 -197.5 -82.5 -15.6 -208.2 -47.9
22.362 22.361 -14.400001 -197.5 -82.5 -15.6 -208.2 -47.9
22.382 22.381 -14.400001 -197.5 -82.5 -15.6 -208.2 -47.9
22.402 22.401 -14.400001 -197.5 -82.5 -15.6 -208.2 -47.9
22.422 22.421 -14.400001 -197.5 -82.5 -15.6 -208.2 -47.9
22.442 22.441 -14.400001 -197.5 -82.5 -15.6 -208.2 -47.9
22.461 22.461 -14.5 -197.5 -82.5 -15.6 -208.2 -47.9
22.481 22.481 -14.5 -197.5 -82.5 -15.6 -208.2 -47.9
22.501 22.501 -14.5 -197.4 -82.5 -15.6 -208.2 -47.9
22.521 22.521 -14.6 -197.5 -82.5 -15.6 -208.2 -47.9
22.542 22.541 -14.6 -197.5 -82.5 -15.6 -208.2 -47.9
22.562 22.561 -14.6 -197.5 -82.5 -15.6 -208.2 -47.9
22.582 22.581 -14.6 -197.5 -82.5 -15.6 -208.2 -47.9
22.601 22.601 -14.6 -197.5 -82.5 -15.6 -208.2 -47.9
22.622 22.621 -14.6 -197.4 -82.5 -15.6 -208.2 -47.9
22.641 22.641 -14.6 -197.4 -82.4 -15.6 -208.2 -47.9
22.661 22.661 -14.6 -197.4 -82.4 -15.6 -208.2 -47.9
22.681 22.681 -14.6 -197.4 -82.3 -15.6 -208.2 -47.9
22.702 22.701 -14.6 -197.5 -82.3 -15.6 -208.2 -47.9
22.722 22.721 -14.6 -197.5 -82.4 -15.6 -208.2 -47.9
22.742 22.741 -14.6 -197.4 -82.4 -15.6 -208.2 -47.9
22.762 22.761 -14.6 -197.4 -82.4 -15.6 -208.2 -47.9
22.782 22.781 -14.6 -197.4 -82.4 -15.6 -208.2 -47.9
22.801 22.801 -14.6 -197.5 -82.4 -15.6 -208.2 -47.9
22.823 22.821 -14.6 -197.4 -82.4 -15.6 -208.2 -47.9
22.842 22.841 -14.6 -197.4 -82.4 -15.6 -208.2 -47.9
22.862 22.861 -14.6 -197.5 -82.3 -15.6 -208.2 -47.9
22.882 22.881 -14.6 -197.5 -82.4 -15.6 -208.2 -47.9
22.902 22.901 -14.6 -197.5 -82.3 -15.6 -208.2 -47.9
22.923 22.921 -14.6 -197.4 -82.3 -15.6 -208.2 -47.9
22.942 22.941 -14.6 -197.5 -82.3 -15.6 -208.2 -47.9
22.962 22.961 -14.6 -197.5 -82.2 -15.6 -208.2 -47.9
22.982 22.981 -14.5 -197.4 -82.2 -15.6 -208.2 -47.9
23.002 23.001 -14.5 -197.4 -82.2 -15.6 -208.2 -47.9
23.023 23.021 -14.400001 -197.4 -82.2 -15.6 -208.2 -47.9
23.042 23.041 -14.400001 -197.4 -82.2 -15.6 -208.2 -47.9
23.062 23.061 -14.400001 -197.4 -82.2 -15.6 -208.2 -47.9
23.082 23.081 -14.400001 -197.4 -82.2 -15.6 -208.2 -47.9
23.102 23.101 -14.3 -197.4 -82.3 -15.6 -208.2 -47.9
23.122 23.121 -14.3 -197.4 -82.3 -15.6 -208.2 -47.9
23.142 23.141 -14.3 -197.4 -82.4 -15.6 -208.2 -47.9
23.162 23.161 -14.3 -197.4 -82.4 -15.6 -208.2 -47.9
23.182 23.181 -14.3 -197.4 -82.5 -15.6 -208.2 -47.9
23.201 23.201 -14.3 -197.4 -82.5 -15.6 -208.2 -47.9
23.221 23.221 -14.400001 -197.4 -82.5 -15.6 -208.2 -47.9
23.241 23.241 -14.400001 -197.4 -82.5 -15.6 -208.2 -47.9
23.261 23.261 -14.400001 -197.4 -82.5 -15.6 -208.2 -47.9
23.281 23.281 -14.3 -197.4 -82.5 -15.6 -208.2 -47.9
23.302 23.301 -14.3 -197.4 -82.5 -15.6 -208.2 -47.9
23.322 23.321 -14.3 -197.4 -82.5 -15.6 -208.2 -47.9
23.342 23.341 -14.3 -197.4 -82.5 -15.6 -208.2 -47.9
23.362 23.361 -14.3 -197.5 -82.5 -15.6 -208.2 -47.9
23.382 23.381 -14.3 -197.5 -82.5 -15.6 -208.2 -47.9
23.402 23.401 -14.3 -197.5 -82.4 -15.6 -208.2 -47.9
23.422 23.421 -14.3 -197.5 -82.4 -15.6 -208.2 -47.9
23.442 23.441 -14.3 -197.5 -82.4 -15.6 -208.2 -47.9
23.462 23.461 -14.3 -197.5 -82.5 -15.6 -208.2 -47.9
23.482 23.481 -14.3 -197.5 -82.4 -15.6 -208.2 -47.9
23.502 23.501 -14.3 -197.5 -82.4 -15.6 -208.2 -47.9
23.522 23.521 -14.400001 -197.5 -82.4 -15.6 -208.2 -47.9
23.541 23.541 -14.400001 -197.59999 -82.4 -15.6 -208.2 -47.9
23.561 23.561 -14.3 -197.59999 -82.4 -15.6 -208.2 -47.9
23.581 23.581 -14.400001 -197.59999 -82.5 -15.6 -208.2 -47.9
23.602 23.601 -14.400001 -197.59999 -82.5 -15.6 -208.2 -47.9
23.622 23.621 -14.400001 -197.7 -82.5 -15.6 -208.2 -47.9
23.641 23.641 -14.400001 -197.7 -82.600006 -15.6 -208.2 -47.9
23.661 23.661 -14.5 -197.7 -82.5 -15.6 -208.2 -47.9
23.681 23.681 -14.400001 -197.7 -82.5 -15.6 -208.2 -47.9
23.711 23.711 -14.400001 -197.7 -82.5 -15.6 -208.2 -47.9
23.731 23.731 -14.5 -197.7 -82.4 -15.6 -208.2 -47.9
23.752 23.752 -14.400001 -197.7 -82.4 -15.6 -208.2 -47.9
23.771 23.771 -14.400001 -197.7 -82.3 -15.6 -208.2 -47.9
23.791 23.791 -14.400001 -197.7 -82.3 -15.6 -208.2 -47.9
23.811 23.811 -14.400001 -197.7 -82.3 -15.6 -208.2 -47.9
23.831 23.831 -14.400001 -197.59999 -82.3 -15.6 -208.2 -47.9
23.851 23.851 -14.400001 -197.59999 -82.2 -15.6 -208.2 -47.9
23.871 23.871 -14.400001 -197.59999 -82.2 -15.6 -208.2 -47.9
23.891 23.891 -14.5 -197.59999 -82.3 -15.6 -208.2 -47.9
23.911 23.911 -14.5 -197.59999 -82.2 -15.6 -208.2 -47.9
23.931 23.931 -14.5 -197.59999 -82.2 -15.6 -208.2 -47.9
23.951 23.951 -14.5 -197.5 -82.2 -15.6 -208.2 -47.9
23.971 23.971 -14.5 -197.5 -82.2 -15.6 -208.2 -47.9
23.991 23.991 -14.5 -197.5 -82.2 -15.6 -208.2 -47.9
24.011 24.011 -14.5 -197.5 -82.2 -15.6 -208.2 -47.9
24.031 24.031 -14.400001 -197.4 -82.2 -15.6 -208.2 -47.9
24.051 24.051 -14.5 -197.4 -82.2 -15.6 -208.2 -47.9
24.071 24.071 -14.5 -197.4 -82.2 -15.6 -208.2 -47.9
24.091 24.091 -14.5 -197.4 -82.2 -15.6 -208.2 -47.9
24.111 24.111 -14.5 -197.4 -82.100006 -15.6 -208.2 -47.9
24.131 24.131 -14.5 -197.3 -82.2 -15.6 -208.2 -47.9
24.151 24.151 -14.5 -197.3 -82.100006 -15.6 -208.2 -47.9
24.171 24.171 -14.5 -197.2 -82.2 -15.6 -208.2 -47.9
24.191 24.191 -14.5 -197.2 -82.100006 -15.6 -208.2 -47.9
24.211 24.211 -14.5 -197.2 -82.100006 -15.6 -208.2 -47.9
24.231 24.231 -14.5 -197.2 -82.100006 -15.6 -208.2 -47.9
24.251 24.251 -14.5 -197.09999 -82.100006 -15.6 -208.2 -47.9
24.271 24.271 -14.5 -197.09999 -82.2 -15.6 -208.2 -47.9
24.291 24.291 -14.5 -197.09999 -82.2 -15.6 -208.2 -47.9
24.311 24.311 -14.5 -197.09999 -82.2 -15.6 -208.2 -47.9
24.331 24.331 -14.400001 -197.0 -82.2 -15.6 -208.2 -47.9
24.351 24.351 -14.400001 -197.0 -82.2 -15.6 -208.2 -47.9
24.371 24.371 -14.5 -197.0 -82.2 -15.6 -208.2 -47.9
24.407 24.391 -14.5 -197.0 -82.3 -15.6 -208.2 -47.9
24.416 24.411 -14.5 -197.0 -82.2 -15.6 -208.2 -47.9
24.434 24.431 -14.5 -197.0 -82.2 -15.6 -208.2 -47.9
24.458 24.451 -14.400001 -197.0 -82.3 -15.6 -208.2 -47.9
24.471 24.471 -14.400001 -197.0 -82.3 -15.6 -208.2 -47.9
24.491 24.491 -14.5 -197.0 -82.2 -15.6 -208.2 -47.9
24.511 24.511 -14.5 -197.0 -82.2 -15.6 -208.2 -47.9
24.531 24.531 -14.400001 -197.0 -82.2 -15.6 -208.2 -47.9
24.551 24.551 -14.400001 -197.0 -82.100006 -15.6 -208.2 -47.9
24.571 24.571 -14.400001 -197.0 -82.100006 -15.6 -208.2 -47.9
24.591 24.591 -14.400001 -197.0 -82.100006 -15.6 -208.2 -47.9
24.611 24.611 -14.400001 -197.0 -82.100006 -15.6 -208.2 -47.9
24.631 24.631 -14.400001 -197.0 -82.100006 -15.6 -208.2 -47.9
24.651 24.651 -14.400001 -197.0 -82.100006 -15.6 -208.2 -47.9
24.671 24.671 -14.400001 -197.0 -82.100006 -15.6 -208.2 -47.9
24.691 24.691 -14.400001 -197.0 -82.0 -15.6 -208.2 -47.9
24.711 24.711 -14.400001 -197.0 -82.100006 -15.6 -208.2 -47.9
24.732 24.731 -14.3 -197.0 -82.100006 -15.6 -208.2 -47.9
24.751 24.751 -14.3 -197.0 -82.100006 -15.6 -208.2 -47.9
24.771 24.771 -14.3 -197.09999 -82.100006 -15.6 -208.2 -47.9
24.791 24.791 -14.3 -197.09999 -82.100006 -15.6 -208.2 -47.9
24.811 24.811 -14.3 -197.0 -82.100006 -15.6 -208.2 -47.9
24.831 24.831 -14.200001 -197.0 -82.2 -15.6 -208.2 -47.9
24.851 24.851 -14.200001 -197.0 -82.2 -15.6 -208.2 -47.9
24.871 24.871 -14.200001 -197.0 -82.2 -15.6 -208.2 -47.9
24.891 24.891 -14.3 -197.0 -82.2 -15.6 -208.2 -47.9
24.911 24.911 -14.3 -197.0 -82.2 -15.6 -208.2 -47.9
24.931 24.931 -14.3 -197.0 -82.100006 -15.6 -208.2 -47.9
24.951 24.951 -14.3 -197.09999 -82.100006 -15.6 -208.2 -47.9
24.972 24.971 -14.3 -197.0 -82.100006 -15.6 -208.2 -47.9
24.992 24.991 -14.3 -197.0 -82.0 -15.6 -208.2 -47.9
25.012 25.011 -14.3 -197.09999 -82.0 -15.6 -208.2 -47.9
25.033 25.031 -14.3 -197.0 -82.0 -15.6 -208.2 -47.9
25.052 25.051 -14.3 -197.0 -82.0 -15.6 -208.2 -47.9
25.072 25.071 -14.3 -197.0 -82.0 -15.6 -208.2 -47.9
25.092 25.091 -14.200001 -197.0 -82.100006 -15.6 -208.2 -47.9
25.112 25.111 -14.200001 -197.0 -82.100006 -15.6 -208.2 -47.9
25.133 25.131 -14.1 -197.0 -82.100006 -15.6 -208.2 -47.9
25.152 25.151 -14.200001 -197.09999 -82.2 -15.6 -208.2 -47.9
25.172 25.171 -14.200001 -197.09999 -82.100006 -15.6 -208.2 -47.9
25.192 25.191 -14.200001 -197.09999 -82.100006 -15.6 -208.2 -47.9
25.212 25.211 -14.200001 -197.09999 -82.0 -15.6 -208.2 -47.9
25.232 25.231 -14.200001 -197.09999 -82.0 -15.6 -208.2 -47.9
25.252 25.251 -14.200001 -197.09999 -82.0 -15.6 -208.2 -47.9
25.272 25.271 -14.200001 -197.09999 -82.0 -15.6 -208.2 -47.9
25.292 25.291 -14.200001 -197.09999 -82.0 -15.6 -208.2 -47.9
25.312 25.311 -14.200001 -197.09999 -82.0 -15.6 -208.2 -47.9
25.332 25.331 -14.200001 -197.2 -82.0 -15.6 -208.2 -47.9
25.352 25.351 -14.200001 -197.09999 -81.9 -15.6 -208.2 -47.9
25.372 25.371 -14.200001 -197.2 -82.0 -15.6 -208.2 -47.9
25.392 25.391 -14.200001 -197.2 -82.0 -15.6 -208.2 -47.9
25.412 25.411 -14.200001 -197.2 -81.9 -15.6 -208.2 -47.9
25.432 25.431 -14.3 -197.2 -81.9 -15.6 -208.2 -47.9
25.452 25.451 -14.3 -197.2 -81.9 -15.6 -208.2 -47.9
25.472 25.471 -14.3 -197.2 -81.9 -15.6 -208.2 -47.9
25.492 25.491 -14.3 -197.3 -81.9 -15.6 -208.2 -47.9
25.512 25.511 -14.3 -197.3 -81.9 -15.6 -208.2 -47.9
25.532 25.531 -14.3 -197.3 -82.100006 -15.6 -208.2 -47.9
25.552 25.551 -14.3 -197.3 -82.100006 -15.6 -208.2 -47.9
25.574 25.572 -14.3 -197.3 -82.100006 -15.6 -208.2 -47.9
25.591 25.591 -14.3 -197.3 -82.100006 -15.6 -208.2 -47.9
25.611 25.611 -14.3 -197.3 -82.100006 -15.6 -208.2 -47.9
25.631 25.631 -14.3 -197.3 -82.100006 -15.6 -208.2 -47.9
25.651 25.651 -14.3 -197.4 -82.100006 -15.6 -208.2 -47.9
25.671 25.671 -14.3 -197.4 -82.0 -15.6 -208.2 -47.9
25.691 25.691 -14.400001 -197.4 -82.100006 -15.6 -208.2 -47.9
25.712 25.711 -14.400001 -197.4 -82.0 -15.6 -208.2 -47.9
25.732 25.731 -14.400001 -197.4 -82.100006 -15.6 -208.2 -47.9
25.752 25.751 -14.400001 -197.4 -82.100006 -15.6 -208.2 -47.9
25.771 25.771 -14.400001 -197.4 -82.2 -15.6 -208.2 -47.9
25.791 25.791 -14.5 -197.4 -82.2 -15.6 -208.2 -47.9
25.811 25.811 -14.5 -197.4 -82.2 -15.6 -208.2 -47.9
25.831 25.831 -14.5 -197.4 -82.3 -15.6 -208.2 -47.9
25.851 25.851 -14.400001 -197.4 -82.3 -15.6 -208.2 -47.9
25.871 25.871 -14.400001 -197.4 -82.3 -15.6 -208.2 -47.9
25.891 25.891 -14.400001 -197.5 -82.3 -15.6 -208.2 -47.9
25.911 25.911 -14.400001 -197.5 -82.3 -15.6 -208.2 -47.9
25.931 25.931 -14.5 -197.5 -82.3 -15.6 -208.2 -47.9
25.951 25.951 -14.5 -197.5 -82.4 -15.6 -208.2 -47.9
25.971 25.971 -14.5 -197.5 -82.4 -15.6 -208.2 -47.9
25.991 25.991 -14.5 -197.5 -82.4 -15.6 -208.2 -47.9
26.011 26.011 -14.400001 -197.5 -82.4 -15.6 -208.2 -47.9
26.031 26.031 -14.400001 -197.5 -82.5 -15.6 -208.2 -47.9
26.051 26.051 -14.3 -197.5 -82.5 -15.6 -208.2 -47.9
26.071 26.071 -14.3 -197.5 -82.600006 -15.6 -208.2 -47.9
26.092 26.091 -14.3 -197.5 -82.5 -15.6 -208.2 -47.9
26.112 26.111 -14.200001 -197.5 -82.5 -15.6 -208.2 -47.9
26.132 26.131 -14.200001 -197.5 -82.4 -15.6 -208.2 -47.9
26.152 26.151 -14.200001 -197.5 -82.4 -15.6 -208.2 -47.9
26.172 26.171 -14.200001 -197.5 -82.4 -15.6 -208.2 -47.9
26.192 26.191 -14.200001 -197.59999 -82.4 -15.6 -208.2 -47.9
26.213 26.211 -14.200001 -197.5 -82.4 -15.6 -208.2 -47.9
26.232 26.231 -14.200001 -197.5 -82.4 -15.6 -208.2 -47.9
26.252 26.251 -14.200001 -197.5 -82.4 -15.6 -208.2 -47.9
26.272 26.271 -14.200001 -197.5 -82.4 -15.6 -208.2 -47.9
26.292 26.291 -14.1 -197.5 -82.4 -15.6 -208.2 -47.9
26.312 26.311 -14.1 -197.5 -82.5 -15.6 -208.2 -47.9
26.331 26.331 -14.1 -197.4 -82.5 -15.6 -208.2 -47.9
26.351 26.351 -14.0 -197.4 -82.5 -15.6 -208.2 -47.9
26.371 26.371 -14.0 -197.4 -82.5 -15.6 -208.2 -47.9
26.391 26.391 -14.0 -197.4 -82.5 -15.6 -208.2 -47.9
26.411 26.411 -14.0 -197.4 -82.600006 -15.6 -208.2 -47.9
26.432 26.431 -14.0 -197.5 -82.600006 -15.6 -208.2 -47.9
26.452 26.451 -14.0 -197.5 -82.600006 -15.6 -208.2 -47.9
26.472 26.471 -14.0 -197.5 -82.600006 -15.6 -208.2 -47.9
26.492 26.491 -14.0 -197.5 -82.600006 -15.6 -208.2 -47.9
26.512 26.511 -14.0 -197.5 -82.600006 -15.6 -208.2 -47.9
26.532 26.531 -14.0 -197.5 -82.600006 -15.6 -208.2 -47.9
26.552 26.551 -14.0 -197.5 -82.600006 -15.6 -208.2 -47.9
26.572 26.571 -14.0 -197.5 -82.600006 -15.6 -208.2 -47.9
26.592 26.591 -14.0 -197.5 -82.600006 -15.6 -208.2 -47.9
26.612 26.611 -14.0 -197.59999 -82.600006 -15.6 -208.2 -47.9
26.632 26.631 -14.0 -197.59999 -82.5 -15.6 -208.2 -47.9
26.652 26.651 -14.1 -197.59999 -82.5 -15.6 -208.2 -47.9
26.672 26.671 -14.1 -197.59999 -82.5 -15.6 -208.2 -47.9
26.692 26.691 -14.1 -197.59999 -82.5 -15.6 -208.2 -47.9
26.712 26.711 -14.0 -197.59999 -82.5 -15.6 -208.2 -47.9
26.732 26.731 -14.0 -197.7 -82.5 -15.6 -208.2 -47.9
26.752 26.751 -14.1 -197.7 -82.5 -15.6 -208.2 -47.9
26.772 26.771 -14.1 -197.7 -82.600006 -15.6 -208.2 -47.9
26.792 26.791 -14.1 -197.8 -82.600006 -15.6 -208.2 -47.9
26.812 26.811 -14.1 -197.8 -82.600006 -15.6 -208.2 -47.9
26.832 26.831 -14.1 -197.8 -82.600006 -15.6 -208.2 -47.9
26.852 26.851 -14.1 -197.8 -82.7 -15.6 -208.2 -47.9
26.872 26.871 -14.0 -197.8 -82.7 -15.6 -208.2 -47.9
26.891 26.891 -14.0 -197.8 -82.600006 -15.6 -208.2 -47.9
26.912 26.911 -14.0 -197.8 -82.600006 -15.6 -208.2 -47.9
26.932 26.931 -14.0 -197.8 -82.600006 -15.6 -208.2 -47.9
26.951 26.951 -14.1 -197.8 -82.600006 -15.6 -208.2 -47.9
26.971 26.971 -14.1 -197.9 -82.600006 -15.6 -208.2 -47.9
26.991 26.991 -14.1 -197.9 -82.5 -15.6 -208.2 -47.9
27.011 27.011 -14.1 -197.9 -82.600006 -15.6 -208.2 -47.9
27.031 27.031 -14.200001 -197.9 -82.5 -15.6 -208.2 -47.9
27.052 27.051 -14.1 -197.9 -82.5 -15.6 -208.2 -47.9
27.072 27.071 -14.1 -197.8 -82.600006 -15.6 -208.2 -47.9
27.092 27.091 -14.1 -197.8 -82.600006 -15.6 -208.2 -47.9
27.112 27.111 -14.1 -197.8 -82.600006 -15.6 -208.2 -47.9
27.132 27.131 -14.1 -197.8 -82.7 -15.6 -208.2 -47.9
27.153 27.151 -14.1 -197.8 -82.7 -15.6 -208.2 -47.9
27.172 27.171 -14.1 -197.8 -82.600006 -15.6 -208.2 -47.9
27.192 27.191 -14.1 -197.8 -82.600006 -15.6 -208.2 -47.9
27.212 27.211 -14.1 -197.8 -82.600006 -15.6 -208.2 -47.9
27.232 27.231 -14.1 -197.8 -82.600006 -15.6 -208.2 -47.9
27.252 27.251 -14.1 -197.7 -82.600006 -15.6 -208.2 -47.9
27.272 27.271 -14.0 -197.7 -82.5 -15.6 -208.2 -47.9
27.292 27.291 -14.1 -197.7 -82.5 -15.6 -208.2 -47.9
27.312 27.311 -14.1 -197.7 -82.5 -15.6 -208.2 -47.9
27.332 27.331 -14.1 -197.7 -82.5 -15.6 -208.2 -47.9
27.352 27.351 -14.1 -197.7 -82.4 -15.6 -208.2 -47.9
27.372 27.371 -14.1 -197.7 -82.4 -15.6 -208.2 -47.9
27.393 27.391 -14.1 -197.59999 -82.5 -15.6 -208.2 -47.9
27.412 27.411 -14.0 -197.59999 -82.4 -15.6 -208.2 -47.9
27.432 27.431 -14.0 -197.59999 -82.5 -15.6 -208.2 -47.9
27.452 27.451 -14.0 -197.59999 -82.5 -15.6 -208.2 -47.9
27.476 27.471 -14.0 -197.59999 -82.5 -15.6 -208.2 -47.9
27.492 27.491 -14.0 -197.59999 -82.5 -15.6 -208.2 -47.9
27.512 27.511 -14.0 -197.5 -82.5 -15.6 -208.2 -47.9
27.532 27.531 -14.0 -197.5 -82.5 -15.6 -208.2 -47.9
27.552 27.551 -14.0 -197.5 -82.5 -15.6 -208.2 -47.9
27.572 27.571 -14.0 -197.5 -82.600006 -15.6 -208.2 -47.9
27.592 27.591 -14.0 -197.4 -82.600006 -15.6 -208.2 -47.9
27.612 27.611 -13.900001 -197.4 -82.600006 -15.6 -208.2 -47.9
27.632 27.631 -13.900001 -197.4 -82.600006 -15.6 -208.2 -47.9
27.652 27.651 -13.900001 -197.4 -82.7 -15.6 -208.2 -47.9
27.672 27.671 -13.900001 -197.4 -82.600006 -15.6 -208.2 -47.9
27.692 27.691 -13.900001 -197.4 -82.600006 -15.6 -208.2 -47.9
27.712 27.711 -13.900001 -197.4 -82.600006 -15.6 -208.2 -47.9
27.732 27.731 -13.900001 -197.3 -82.600006 -15.6 -208.2 -47.9
27.752 27.751 -13.900001 -197.3 -82.600006 -15.6 -208.2 -47.9
27.776 27.771 -13.900001 -197.3 -82.600006 -15.6 -208.2 -47.9
27.794 27.791 -13.900001 -197.3 -82.7 -15.6 -208.2 -47.9
27.812 27.811 -13.900001 -197.3 -82.7 -15.6 -208.2 -47.9
27.832 27.831 -13.900001 -197.3 -82.600006 -15.6 -208.2 -47.9
27.852 27.851 -13.900001 -197.3 -82.7 -15.6 -208.2 -47.9
27.872 27.871 -13.900001 -197.3 -82.7 -15.6 -208.2 -47.9
27.892 27.891 -13.900001 -197.3 -82.7 -15.6 -208.2 -47.9
27.912 27.911 -13.900001 -197.3 -82.7 -15.6 -208.2 -47.9
27.932 27.931 -13.900001 -197.3 -82.8 -15.6 -208.2 -47.9
27.952 27.951 -13.8 -197.2 -82.8 -15.6 -208.2 -47.9
27.972 27.971 -13.8 -197.2 -82.8 -15.6 -208.2 -47.9
28.006 28.001 -13.8 -197.2 -82.7 -15.6 -208.2 -47.9
28.031 28.031 -13.900001 -197.2 -82.7 -15.6 -208.2 -47.9
28.051 28.051 -13.900001 -197.2 -82.7 -15.6 -208.2 -47.9
28.071 28.071 -13.8 -197.2 -82.7 -15.6 -208.2 -47.9
28.091 28.091 -13.8 -197.09999 -82.8 -15.6 -208.2 -47.9
28.112 28.111 -13.8 -197.09999 -82.8 -15.6 -208.2 -47.9
28.132 28.131 -13.8 -197.2 -82.8 -15.6 -208.2 -47.9
28.152 28.151 -13.8 -197.2 -82.8 -15.6 -208.2 -47.9
28.172 28.171 -13.8 -197.2 -82.8 -15.6 -208.2 -47.9
28.192 28.191 -13.8 -197.2 -82.8 -15.6 -208.2 -47.9
28.212 28.211 -13.8 -197.2 -82.8 -15.6 -208.2 -47.9
28.232 28.231 -13.8 -197.2 -82.7 -15.6 -208.2 -47.9
28.252 28.251 -13.700001 -197.2 -82.7 -15.6 -208.2 -47.9
28.271 28.271 -13.700001 -197.2 -82.7 -15.6 -208.2 -47.9
28.292 28.291 -13.700001 -197.2 -82.600006 -15.6 -208.2 -47.9
28.312 28.311 -13.700001 -197.2 -82.7 -15.6 -208.2 -47.9
28.332 28.331 -13.8 -197.2 -82.600006 -15.6 -208.2 -47.9
28.351 28.351 -13.8 -197.2 -82.600006 -15.6 -208.2 -47.9
28.371 28.371 -13.8 -197.2 -82.7 -15.6 -208.2 -47.9
28.391 28.391 -13.8 -197.2 -82.600006 -15.6 -208.2 -47.9
28.411 28.411 -13.8 -197.2 -82.5 -15.6 -208.2 -47.9
28.431 28.431 -13.8 -197.2 -82.600006 -15.6 -208.2 -47.9
28.452 28.451 -13.8 -197.2 -82.5 -15.6 -208.2 -47.9
28.472 28.471 -13.700001 -197.2 -82.5 -15.6 -208.2 -47.9
28.492 28.491 -13.700001 -197.09999 -82.5 -15.6 -208.2 -47.9
28.512 28.511 -13.700001 -197.09999 -82.600006 -15.6 -208.2 -47.9
28.532 28.531 -13.700001 -197.09999 -82.600006 -15.6 -208.2 -47.9
28.552 28.551 -13.700001 -197.09999 -82.5 -15.6 -208.2 -47.9
28.572 28.571 -13.700001 -197.09999 -82.5 -15.6 -208.2 -47.9
28.592 28.591 -13.700001 -197.09999 -82.600006 -15.6 -208.2 -47.9
28.612 28.611 -13.700001 -197.2 -82.600006 -15.6 -208.2 -47.9
28.632 28.631 -13.700001 -197.09999 -82.5 -15.6 -208.2 -47.9
28.655 28.651 -13.700001 -197.09999 -82.5 -15.6 -208.2 -47.9
28.672 28.671 -13.700001 -197.09999 -82.4 -15.6 -208.2 -47.9
28.692 28.691 -13.700001 -197.09999 -82.3 -15.6 -208.2 -47.9
28.712 28.711 -13.700001 -197.09999 -82.3 -15.6 -208.2 -47.9
28.732 28.731 -13.700001 -197.09999 -82.2 -15.6 -208.2 -47.9
28.751 28.751 -13.700001 -197.09999 -82.2 -15.6 -208.2 -47.9
28.771 28.771 -13.700001 -197.09999 -82.2 -15.6 -208.2 -47.9
28.791 28.791 -13.700001 -197.09999 -82.3 -15.6 -208.2 -47.9
28.811 28.811 -13.700001 -197.09999 -82.2 -15.6 -208.2 -47.9
28.831 28.831 -13.700001 -197.09999 -82.2 -15.6 -208.2 -47.9
28.851 28.851 -13.700001 -197.09999 -82.100006 -15.6 -208.2 -47.9
28.871 28.871 -13.700001 -197.09999 -82.2 -15.6 -208.2 -47.9
28.891 28.891 -13.700001 -197.09999 -82.2 -15.6 -208.2 -47.9
28.911 28.911 -13.700001 -197.09999 -82.2 -15.6 -208.2 -47.9
28.931 28.931 -13.6 -197.09999 -82.2 -15.6 -208.2 -47.9
28.951 28.951 -13.6 -197.0 -82.2 -15.6 -208.2 -47.9
28.971 28.971 -13.6 -197.0 -82.2 -15.6 -208.2 -47.9
28.991 28.991 -13.5 -197.0 -82.3 -15.6 -208.2 -47.9
29.011 29.011 -13.5 -197.0 -82.4 -15.6 -208.2 -47.9
29.031 29.031 -13.5 -197.0 -82.4 -15.6 -208.2 -47.9
29.051 29.051 -13.400001 -197.0 -82.4 -15.6 -208.2 -47.9
29.071 29.071 -13.5 -197.0 -82.5 -15.6 -208.2 -47.9
29.091 29.091 -13.400001 -197.0 -82.5 -15.6 -208.2 -47.9
29.111 29.111 -13.400001 -197.0 -82.4 -15.6 -208.2 -47.9
29.131 29.131 -13.400001 -197.09999 -82.4 -15.6 -208.2 -47.9
29.152 29.151 -13.400001 -197.0 -82.4 -15.6 -208.2 -47.9
29.172 29.171 -13.400001 -197.09999 -82.5 -15.6 -208.2 -47.9
29.192 29.191 -13.400001 -197.09999 -82.5 -15.6 -208.2 -47.9
29.212 29.211 -13.400001 -197.09999 -82.5 -15.6 -208.2 -47.9
29.232 29.231 -13.3 -197.09999 -82.5 -15.6 -208.2 -47.9
29.252 29.251 -13.3 -197.09999 -82.5 -15.6 -208.2 -47.9
29.272 29.271 -13.3 -197.09999 -82.600006 -15.6 -208.2 -47.9
29.292 29.291 -13.3 -197.09999 -82.600006 -15.6 -208.2 -47.9
29.312 29.311 -13.3 -197.09999 -82.600006 -15.6 -208.2 -47.9
29.332 29.331 -13.3 -197.09999 -82.600006 -15.6 -208.2 -47.9
29.352 29.351 -13.3 -197.09999 -82.600006 -15.6 -208.2 -47.9
29.372 29.371 -13.3 -197.09999 -82.600006 -15.6 -208.2 -47.9
29.392 29.391 -13.200001 -197.09999 -82.5 -15.6 -208.2 -47.9
29.412 29.411 -13.200001 -197.09999 -82.5 -15.6 -208.2 -47.9
29.432 29.431 -13.3 -197.09999 -82.600006 -15.6 -208.2 -47.9
29.453 29.451 -13.3 -197.09999 -82.600006 -15.6 -208.2 -47.9
29.472 29.471 -13.3 -197.09999 -82.600006 -15.6 -208.2 -47.9
29.492 29.491 -13.3 -197.2 -82.600006 -15.6 -208.2 -47.9
29.512 29.511 -13.3 -197.2 -82.5 -15.6 -208.2 -47.9
29.535 29.531 -13.3 -197.2 -82.5 -15.6 -208.2 -47.9
29.552 29.551 -13.3 -197.09999 -82.5 -15.6 -208.2 -47.9
29.572 29.571 -13.3 -197.09999 -82.5 -15.6 -208.2 -47.9
29.592 29.591 -13.400001 -197.09999 -82.5 -15.6 -208.2 -47.9
29.612 29.611 -13.400001 -197.09999 -82.5 -15.6 -208.2 -47.9
29.632 29.631 -13.400001 -197.09999 -82.5 -15.6 -208.2 -47.9
29.652 29.651 -13.400001 -197.09999 -82.5 -15.6 -208.2 -47.9
29.672 29.671 -13.400001 -197.09999 -82.3 -15.6 -208.2 -47.9
29.692 29.691 -13.400001 -197.2 -82.3 -15.6 -208.2 -47.9
29.712 29.711 -13.400001 -197.2 -82.3 -15.6 -208.2 -47.9
29.732 29.731 -13.5 -197.2 -82.3 -15.6 -208.2 -47.9
29.752 29.751 -13.5 -197.2 -82.3 -15.6 -208.2 -47.9
29.772 29.771 -13.400001 -197.2 -82.3 -15.6 -208.2 -47.9
29.791 29.791 -13.5 -197.09999 -82.3 -15.6 -208.2 -47.9
29.811 29.811 -13.5 -197.2 -82.3 -15.6 -208.2 -47.9
29.836 29.831 -13.5 -197.2 -82.3 -15.6 -208.2 -47.9
29.852 29.851 -13.5 -197.2 -82.3 -15.6 -208.2 -47.9
29.872 29.871 -13.5 -197.2 -82.4 -15.6 -208.2 -47.9
29.892 29.891 -13.6 -197.09999 -82.4 -15.6 -208.2 -47.9
29.912 29.911 -13.6 -197.2 -82.5 -15.6 -208.2 -47.9
29.932 29.931 -13.6 -197.2 -82.4 -15.6 -208.2 -47.9
29.952 29.951 -13.700001 -197.2 -82.5 -15.6 -208.2 -47.9
29.976 29.972 -13.700001 -197.2 -82.4 -15.6 -208.2 -47.9
29.991 29.991 -13.8 -197.2 -82.4 -15.6 -208.2 -47.9
30.014 30.011 -13.8 -197.2 -82.4 -15.6 -208.2 -47.9
30.031 30.031 -13.700001 -197.2 -82.4 -15.6 -208.2 -47.9
30.051 30.051 -13.700001 -197.2 -82.4 -15.6 -208.2 -47.9
30.071 30.071 -13.700001 -197.09999 -82.4 -15.6 -208.2 -47.9
30.092 30.091 -13.700001 -197.09999 -82.4 -15.6 -208.2 -47.9
30.112 30.111 -13.700001 -197.09999 -82.5 -15.6 -208.2 -47.9
30.135 30.131 -13.6 -197.09999 -82.5 -15.6 -208.2 -47.9
30.152 30.151 -13.700001 -197.09999 -82.5 -15.6 -208.2 -47.9
30.172 30.171 -13.700001 -197.09999 -82.4 -15.6 -208.2 -47.9
30.192 30.191 -13.700001 -197.2 -82.3 -15.6 -208.2 -47.9
30.212 30.211 -13.6 -197.09999 -82.3 -15.6 -208.2 -47.9
30.232 30.231 -13.700001 -197.09999 -82.3 -15.6 -208.2 -47.9
30.252 30.251 -13.700001 -197.2 -82.3 -15.6 -208.2 -47.9
30.272 30.271 -13.700001 -197.09999 -82.3 -15.6 -208.2 -47.9
30.291 30.291 -13.6 -197.09999 -82.3 -15.6 -208.2 -47.9
30.311 30.311 -13.700001 -197.09999 -82.3 -15.6 -208.2 -47.9
30.331 30.331 -13.700001 -197.09999 -82.3 -15.6 -208.2 -47.9
30.351 30.351 -13.700001 -197.09999 -82.3 -15.6 -208.2 -47.9
30.371 30.371 -13.700001 -197.09999 -82.2 -15.6 -208.2 -47.9
30.391 30.391 -13.700001 -197.09999 -82.2 -15.6 -208.2 -47.9
30.411 30.411 -13.6 -197.0 -82.2 -15.6 -208.2 -47.9
