accelerometer.txt

All values are in SI units (m/s^2).
http://developer.android.com/guide/topics/sensors/sensors_overview.html

elapsed-time-system elapsed-time-sensor x y z
0.068 0.040 -0.025139118 0.89902276 9.574412
0.068 0.060 0.011971008 0.89064306 9.712079
0.122 0.080 -0.050278235 0.91099375 9.715671
0.122 0.100 -0.06943185 0.91458505 9.849746
0.122 0.120 -0.19273324 0.8714894 9.745598
0.154 0.140 -0.39145198 0.842759 9.712079
0.164 0.160 -0.32800564 1.0187328 9.625888
0.186 0.180 -0.40821138 1.0773908 9.515755
0.203 0.200 -0.5674258 0.9947908 9.487024
0.222 0.220 -0.48961425 1.0007763 9.5732155
0.240 0.240 -0.33758244 0.9995792 9.639056
0.260 0.260 -0.10295067 0.91458505 9.774328
0.280 0.280 -0.095768064 0.82719666 9.939528
0.302 0.300 -0.32202014 0.7410054 9.935937
0.320 0.320 -0.36750996 0.6428431 9.832987
0.340 0.340 -0.23223756 0.7110779 9.773131
0.360 0.360 -0.21787235 0.6631939 9.7084875
0.380 0.380 -0.4213795 0.7206547 9.622296
0.402 0.400 -0.61530983 0.81043726 9.622296
0.420 0.420 -0.5805939 0.80086046 9.791088
0.440 0.440 -0.2777274 0.88944596 9.714474
0.460 0.460 -0.20470424 0.50757074 9.78989
0.480 0.480 -0.24660277 0.78769237 9.870096
0.515 0.500 -0.25737667 0.8355764 10.102334
0.520 0.520 -0.130484 0.93852705 9.251195
0.540 0.540 -0.022744916 2.0638018 10.140641
0.560 0.560 0.33758244 1.3072342 9.380483
0.580 0.580 0.088585466 0.89782566 9.326612
0.600 0.600 -0.34955344 1.0893618 9.556456
0.620 0.620 -0.8439561 1.3838485 9.812635
0.640 0.640 -0.7338228 2.007538 9.5732155
0.660 0.660 -0.23463176 1.6400281 9.452309
0.680 0.680 -0.12090719 1.8794483 9.417592
0.700 0.700 -0.21308395 1.7238252 9.527725
0.720 0.720 -0.59974754 1.5167267 9.488221
0.740 0.740 -0.5351041 1.4221559 9.607931
0.760 0.760 0.15322891 1.7980455 9.022549
0.780 0.780 0.545878 1.8459295 9.16261
0.800 0.800 1.1432313 1.8579005 9.652225
0.821 0.820 1.0462662 1.5442601 9.605537
0.841 0.840 0.6607997 1.0319009 9.587581
0.861 0.860 0.80924016 1.2497733 9.519346
0.881 0.880 1.2186487 1.5227122 9.672575
0.901 0.900 2.0649989 2.1775265 10.102334
0.921 0.920 1.3263878 1.5526398 10.02572
0.941 0.940 0.93732995 1.1659763 9.630676
0.961 0.960 1.7944542 1.7944542 9.267955
0.981 0.980 1.9129672 2.043451 8.986636
1.001 1.000 1.8471266 1.9381063 8.815451
1.020 1.020 1.5897499 1.8339585 9.108741
1.041 1.040 1.6232687 1.9991584 9.487024
1.060 1.060 1.8698715 2.1679497 10.001778
1.080 1.080 1.8327614 2.1667526 9.081207
1.101 1.100 1.6352397 2.3642743 8.504205
1.121 1.120 0.78050977 2.3822308 9.17099
1.140 1.140 0.8331822 2.4672248 9.488221
1.160 1.160 0.9792285 2.7617116 9.537302
1.180 1.180 0.1340753 3.2716765 9.605537
1.200 1.200 -0.61650693 3.6104562 9.998186
1.220 1.220 -1.0773908 4.3179426 10.308235
1.240 1.240 -1.7585411 4.10845 10.34774
1.260 1.260 -2.3247697 4.1096473 9.981427
1.281 1.280 -0.9636662 5.1116204 10.81461
1.300 1.300 -2.360683 3.9971197 11.018116
1.321 1.320 -2.8083985 4.1838675 10.13705
1.341 1.340 -1.7393875 4.5358152 10.585963
1.361 1.360 -2.3942018 3.714604 9.894038
1.382 1.382 -3.727772 2.8802247 8.610746
1.401 1.400 -3.301604 4.4017396 9.198523
1.421 1.420 -3.0083144 4.805163 10.8864355
1.440 1.440 -2.4851813 5.1319714 10.943896
1.460 1.460 -4.083311 2.706645 8.9758625
1.480 1.480 -4.200627 3.240552 6.835446
1.500 1.500 -2.9257145 4.1060557 9.053674
1.521 1.520 -2.098518 4.122815 9.792285
1.541 1.540 -2.5390508 2.3475149 8.77834
1.561 1.560 -4.7776294 1.2425907 6.0728927
1.581 1.580 -3.690662 1.4927847 7.680599
1.601 1.600 -1.6747441 1.602918 8.240842
1.621 1.620 -1.2808979 0.62728083 8.175002
1.641 1.640 -5.117606 -1.8950106 5.795165
1.661 1.660 -6.2500634 -0.32441434 5.7843914
1.681 1.680 -3.50152 -0.6536171 8.273164
1.701 1.700 -1.0223241 -0.80325466 8.328231
1.721 1.720 -0.7350199 -1.4149733 8.334216
1.741 1.740 -2.0961237 -2.2661119 7.837419
1.761 1.760 -3.276465 -2.1906946 6.8306575
1.781 1.780 -0.7110779 -2.920926 8.2276745
1.801 1.800 0.19752164 -2.6491842 9.479841
1.821 1.820 -1.0139444 -2.7281928 9.668983
1.841 1.840 -1.7058687 -2.9700072 10.263943
1.861 1.860 -1.2270284 -3.679888 10.00896
1.883 1.880 -0.6452374 -3.9252937 10.072407
1.901 1.900 -0.40940848 -3.5805287 10.892421
1.921 1.920 -0.6823475 -3.083732 11.760319
1.941 1.940 -0.39863458 -2.7126305 11.484985
1.961 1.960 -0.0023942017 -2.5103204 11.723208
1.981 1.980 0.7529764 -1.5298948 12.25113
2.001 2.000 1.2976574 -1.0139444 12.405556
2.021 2.020 0.7026982 -0.736217 12.539632
2.041 2.040 0.78888947 -0.51475334 11.881226
2.061 2.060 1.4317327 0.62009823 12.1398
2.081 2.080 1.9405005 1.3467385 13.982138
2.101 2.100 2.3702598 1.650802 14.73272
2.121 2.120 3.2549171 1.6496049 13.725958
2.141 2.140 3.8391025 1.3850456 11.827356
2.162 2.160 4.52145 2.408567 11.452663
2.181 2.180 3.7852328 3.3075895 12.056003
2.201 2.200 5.7149596 2.1811178 9.32781
2.221 2.220 6.599617 1.9057846 8.583213
2.241 2.240 6.5026517 1.9859903 8.322245
2.261 2.260 6.2345014 2.516306 9.01776
2.281 2.280 5.81791 2.4037786 9.546879
2.301 2.300 6.307524 1.4532804 8.494628
2.321 2.320 6.980295 1.2557588 8.3868885
2.341 2.340 7.03177 1.0259154 8.767567
2.361 2.360 6.2105594 0.31364042 9.606734
2.381 2.380 6.706159 -0.46567222 6.9731126
2.400 2.400 6.6630635 -0.557849 6.1088057
2.421 2.420 5.865794 -1.6328455 8.231265
2.441 2.440 5.365406 -2.280477 6.3781533
2.462 2.460 5.4623713 -3.0825348 2.4109612
2.481 2.480 4.167108 -2.2768857 4.847061
2.501 2.500 3.5182793 -3.775656 5.9627595
2.521 2.520 4.3897686 -5.0374002 4.334702
2.541 2.540 4.871003 -7.0365586 5.3558292
2.560 2.560 5.483919 -7.0102224 6.4583592
2.581 2.580 5.7987566 -6.5361705 6.4487824
2.601 2.600 4.677073 -6.51582 6.5469446
2.621 2.620 3.3554738 -6.951565 5.686229
2.641 2.640 3.550601 -6.8893156 5.6706667
2.661 2.660 4.226963 -6.4020953 6.9886746
2.681 2.680 5.5270147 -5.720945 7.523779
2.701 2.700 5.81791 -5.1930237 8.63828
2.721 2.720 5.9783216 -4.6004586 9.344569
2.741 2.740 5.767632 -4.298789 9.452309
2.763 2.760 6.7624226 -3.345897 10.389638
2.782 2.780 5.595249 -3.5757403 9.840169
2.801 2.800 4.7189717 -3.3028011 11.08276
2.821 2.820 4.6016555 -3.560178 11.04565
2.842 2.840 4.6279917 -3.1435869 10.890026
2.861 2.860 4.933253 -1.6256629 11.942278
2.881 2.880 5.577293 -0.700304 11.911154
2.901 2.900 5.4444146 0.18076223 12.263102
2.920 2.920 4.301183 -0.38307226 12.008119
2.940 2.940 3.930082 -0.89184016 10.603919
2.961 2.960 6.564901 -0.39025488 9.738416
2.981 2.980 9.090784 0.7206547 10.315418
3.001 3.000 9.212888 1.3599066 13.006501
3.021 3.020 6.8222775 2.3127987 15.418659
3.041 3.040 6.033388 2.5929205 14.660894
3.061 3.060 8.139089 4.211401 11.46224
3.081 3.080 7.255628 5.0864816 10.143036
3.100 3.100 2.681506 4.607641 12.697649
3.121 3.120 0.94331545 5.5521536 13.154942
3.140 3.140 2.373851 7.8757267 12.843695
3.160 3.160 5.935226 9.8677025 10.473435
3.180 3.180 6.8210807 9.257181 9.617508
3.201 3.200 5.151125 8.038532 10.597934
3.220 3.220 1.1791444 7.419631 13.096283
3.240 3.240 -0.2741361 7.5189905 12.391191
3.260 3.260 0.33399114 7.2831616 8.827422
3.280 3.280 1.4760253 6.5337763 5.409699
3.300 3.300 0.59256494 4.188656 4.545392
3.320 3.320 -1.3395559 3.8067808 8.061277
3.340 3.340 -1.9572599 4.2556934 10.157401
3.361 3.360 -0.2633622 2.7018566 7.517793
3.380 3.380 1.1097125 1.3634979 3.5446155
3.400 3.400 -0.5734113 -0.91338795 1.9608512
3.420 3.420 -1.7238252 0.30885202 4.9559975
3.440 3.440 -1.2952632 0.33997664 7.0102224
3.460 3.460 -0.18914193 -0.8535329 5.457583
3.480 3.480 0.35673606 -2.31639 3.3183637
3.500 3.500 -0.4213795 -2.433706 4.0258503
3.520 3.520 -0.8858546 -2.5067291 6.7947445
3.540 3.540 -0.09696517 -3.7936125 6.135142
3.561 3.560 0.61770403 -4.781221 5.9890957
3.580 3.580 0.29688102 -5.297171 7.1526775
3.600 3.600 -0.5327099 -5.2409077 8.805874
3.621 3.620 -1.4999673 -5.981913 9.144653
3.640 3.640 -1.9692309 -6.685808 8.723274
3.660 3.660 -2.3211784 -6.7372837 9.26197
3.681 3.680 -2.5079262 -6.4404025 9.781511
3.700 3.700 -1.8854338 -6.0848637 10.58716
3.721 3.720 -1.7022774 -5.507861 11.298238
3.740 3.740 -1.2605472 -4.876989 11.23958
3.761 3.760 -0.5722142 -4.248511 11.949461
3.780 3.780 0.45609543 -3.086126 13.170504
3.800 3.800 1.1719618 -2.966416 13.170504
3.820 3.820 1.6687586 -2.1392193 13.8720045
3.841 3.840 1.9812019 -1.7705121 13.9151
3.861 3.860 1.7405846 -1.3012487 14.842854
3.881 3.880 1.4951789 -0.8858546 14.970943
3.901 3.900 1.7106571 -0.40222588 14.507666
3.921 3.920 2.0817583 -0.25139117 14.659697
3.940 3.940 2.6527755 0.7697359 14.8237
3.960 3.960 2.4133554 0.78888947 14.657303
3.981 3.980 1.8686744 1.270124 13.737929
4.001 4.000 2.2936451 1.3036429 13.286622
4.020 4.020 2.328361 1.7190368 12.291832
4.040 4.040 1.7705121 1.3299791 12.850878
4.061 4.060 1.8782512 0.3196259 11.695675
4.080 4.080 2.4660277 0.005985504 9.718064
4.100 4.100 2.8766334 0.034715924 8.537724
4.120 4.120 3.8283286 0.079008654 8.53892
4.141 4.140 5.74369 0.36032736 8.476671
4.160 4.160 8.177396 -0.08259996 7.827842
4.180 4.180 8.920795 -0.08020575 7.2472486
4.200 4.200 9.106346 1.7393875 8.6813755
4.220 4.220 7.383718 1.1599907 10.067618
4.241 4.240 5.673061 -0.6811504 8.543709
4.260 4.260 4.084508 -2.1057005 7.0784574
4.283 4.281 4.4699745 -2.7006595 5.142745
4.301 4.300 4.771644 -3.8977604 4.8422728
4.320 4.320 5.2840033 -2.9400797 6.0597243
4.340 4.340 5.9052987 -3.4524388 4.7261543
4.360 4.360 5.2289367 -3.774459 4.947618
4.381 4.380 4.9667716 -4.844667 5.3438582
4.401 4.400 5.044583 -5.2205567 6.0501475
4.420 4.420 5.032612 -5.831078 6.364985
4.440 4.440 5.020641 -6.615179 6.244078
4.460 4.460 4.534618 -7.3298483 6.4858923
4.481 4.480 4.146757 -7.4124484 7.253234
4.501 4.500 4.0761285 -7.3418193 7.976283
4.522 4.520 4.471172 -8.009802 7.4986396
4.540 4.540 4.7321396 -7.878121 7.833828
4.560 4.560 5.0637364 -6.896498 8.443152
4.580 4.580 4.7297454 -6.445191 8.395268
4.601 4.600 3.645172 -6.4416 7.6267295
4.621 4.620 3.2202013 -6.3949127 7.5932107
4.641 4.640 3.8379054 -6.4416 7.5668745
4.660 4.660 4.7058034 -5.619191 8.456321
4.680 4.680 5.4300494 -4.44723 9.150639
4.701 4.700 5.0661306 -3.976769 9.536105
4.720 4.720 4.663905 -3.8414967 9.374496
4.741 4.740 4.6160207 -3.6750996 9.208099
4.760 4.760 4.8662148 -3.0214825 9.399636
4.780 4.780 4.915296 -2.3654714 10.381259
4.800 4.800 4.957195 -2.2002714 11.027693
4.821 4.820 6.0956373 -1.9680338 11.159374
4.840 4.840 6.5744777 -2.4349031 10.556035
4.860 4.860 6.317101 -2.5091233 10.409989
4.881 4.880 5.7520695 -1.7836803 12.306197
4.901 4.900 7.073669 -0.65242 12.944251
4.920 4.920 9.083601 0.35553896 13.317747
4.941 4.940 9.958682 0.81761986 12.158954
4.961 4.960 9.956287 0.8762778 10.589554
4.981 4.980 7.726089 0.6799533 11.002554
5.001 5.000 4.701015 0.7218518 11.976994
5.021 5.020 4.8518496 2.078167 11.597513
5.041 5.040 7.759608 4.495114 9.485827
5.061 5.061 7.5584946 5.2852 10.996569
5.081 5.080 5.973533 5.317522 13.705607
5.100 5.100 4.8458643 4.8374844 15.32768
5.120 5.120 6.68102 5.4312468 13.851654
5.141 5.140 8.792706 6.1866174 10.729615
5.161 5.160 8.409634 5.425261 9.306262
5.180 5.180 5.4420204 5.058948 12.163742
5.200 5.200 1.6101006 4.4005427 15.132552
5.220 5.220 1.6879122 6.295553 13.855246
5.240 5.240 3.5553896 7.27957 7.8888946
5.260 5.260 3.040636 6.1638722 6.045359
5.280 5.280 1.364695 5.058948 7.752425
5.301 5.300 -0.1316811 4.462792 9.344569
5.321 5.320 -1.3802572 3.930082 8.933964
5.341 5.340 -1.1815386 3.1268275 6.159084
5.361 5.360 -0.34835634 2.2828712 4.272453
5.381 5.380 -0.7146692 1.2006922 3.560178
5.401 5.400 -1.1971009 -0.051475335 2.789245
5.421 5.420 -2.232593 0.29807812 6.4523735
5.441 5.440 -1.7621324 -0.48243165 7.5692687
5.461 5.460 -0.059855044 -3.4272997 3.3171666
5.481 5.480 0.91099375 -4.462792 1.4688427
5.500 5.500 0.45130703 -5.8574142 1.6172832
5.520 5.520 -1.6220716 -7.9834657 2.8455088
5.540 5.540 -2.219425 -7.0090256 2.9269116
5.560 5.560 -0.92057055 -7.589619 3.0346506
5.580 5.580 0.12569559 -8.127118 3.3051953
5.600 5.600 -0.4297592 -9.860519 3.1759086
5.621 5.620 -4.000711 -12.178107 -0.59256494
5.640 5.640 -3.9959226 -10.151415 0.80804306
5.661 5.660 -2.8538885 -9.998186 4.201824
5.680 5.680 -1.210269 -9.294291 5.861006
5.702 5.700 -0.21547815 -9.032125 6.706159
5.721 5.720 -1.103727 -10.079589 5.898116
5.740 5.740 -0.7649474 -9.168595 7.3298483
5.760 5.760 -0.08259996 -9.179369 9.15423
5.781 5.780 0.11372458 -9.063251 9.64145
5.800 5.800 -0.31244332 -9.309854 9.605537
5.820 5.820 -1.1133038 -9.226056 9.331401
5.840 5.840 -1.5729905 -9.105149 8.719683
5.861 5.860 -0.6500258 -8.682572 9.728839
5.881 5.880 0.10414778 -8.549694 10.28549
5.900 5.900 0.49679685 -6.981492 10.773908
5.921 5.920 0.92775315 -5.7281275 11.281479
5.941 5.940 0.82240826 -5.1846437 12.211626
5.961 5.960 0.80564886 -4.8578353 12.65575
5.981 5.980 1.8088194 -4.0282445 13.760674
6.001 6.000 2.670732 -3.1675289 14.361619
6.021 6.020 3.1435869 -2.232593 13.5535755
6.040 6.040 3.2142158 -1.364695 14.148535
6.061 6.060 4.0186677 -0.31603462 14.225149
6.080 6.080 4.8123455 0.10175357 13.388376
6.100 6.100 5.6551046 1.8794483 12.8053875
6.121 6.120 6.612785 2.743755 12.887988
6.141 6.140 7.147889 2.7449522 13.001713
6.160 6.160 7.9116397 2.801216 12.837709
6.180 6.180 7.195773 2.9759927 11.614272
6.201 6.200 5.720945 3.3997664 10.396821
6.220 6.220 4.1742907 3.7660792 9.635465
6.241 6.240 4.88058 2.171541 7.657854
6.261 6.260 5.995081 1.8854338 6.0525417
6.281 6.280 6.7959414 2.1571758 6.5098343
6.301 6.300 6.6427126 2.291251 6.3566055
6.321 6.320 6.1866174 1.9488802 5.199009
6.341 6.340 7.5345526 1.9177556 5.1355624
6.361 6.360 8.086416 2.540248 6.155493
6.382 6.380 8.723274 1.6496049 5.5605335
6.401 6.400 9.421184 0.17118542 4.5992613
6.421 6.420 9.731233 -1.5873557 3.2704794
6.441 6.440 9.460688 -2.730587 4.4017396
6.461 6.460 8.206126 -2.7210102 3.3961751
6.480 6.480 6.9826894 -3.2956185 1.3742718
6.501 6.500 5.0864816 -4.0402155 0.59017074
6.521 6.520 4.783615 -3.333926 1.4856021
6.541 6.540 5.639542 -4.1371803 2.4768016
6.561 6.560 5.3833623 -7.3346367 4.423288
6.584 6.580 5.0158525 -8.880095 3.3770216
6.601 6.600 6.4870896 -9.568427 1.9728222
6.621 6.620 6.6103907 -9.928755 3.819949
6.641 6.640 6.0944405 -9.296685 4.569334
6.661 6.660 4.8614264 -8.271967 5.6000376
6.681 6.680 4.4675803 -9.233239 5.1247888
6.701 6.700 5.3642087 -8.395268 6.021417
6.722 6.720 6.7923503 -6.757634 7.8517847
6.741 6.740 7.6351094 -5.1200004 9.244013
6.761 6.760 6.9228344 -5.1116204 9.8042555
6.781 6.780 6.021417 -6.0022635 11.536461
6.801 6.800 5.8346696 -5.5461683 13.205219
6.822 6.820 7.489063 -4.4220905 13.176489
6.841 6.840 7.9583263 -2.6001031 14.689625
6.861 6.860 7.9583263 -1.7130513 15.541961
6.882 6.880 6.9587474 -0.6739678 16.146496
6.902 6.900 5.0362034 0.08499416 16.014814
6.921 6.920 2.622848 0.78410107 15.227123
6.941 6.940 2.6144683 1.4987702 14.180857
6.961 6.960 4.187459 2.7401638 14.872781
6.981 6.980 5.6443305 3.6236243 14.452599
7.001 7.000 3.8067808 4.8123455 15.743073
7.021 7.020 3.1280246 6.975507 17.756598
7.041 7.040 4.0940847 8.414422 17.146076
7.061 7.060 4.936844 8.2995 16.014814
7.081 7.080 5.0625396 7.463924 15.040375
7.102 7.100 4.5561657 8.330625 16.439787
7.121 7.120 2.2170308 9.010578 18.041508
7.141 7.140 -0.3172317 7.8062944 15.613787
7.161 7.160 0.9947908 8.303091 11.457452
7.182 7.180 1.7980455 7.6003933 6.6187706
7.201 7.200 0.5327099 7.8972745 7.350199
7.221 7.220 0.2885013 8.1402855 7.3633676
7.241 7.240 -5.2756233 5.899313 8.255207
7.261 7.260 -4.8255134 5.9962783 4.823119
7.281 7.280 -1.174356 6.811504 3.2034419
7.301 7.300 -0.79487497 4.975151 1.8602947
7.322 7.320 -2.0027497 3.1723173 1.3611037
7.341 7.340 -3.347094 1.2844892 0.5734113
7.361 7.360 -3.6834793 1.0450691 1.4413095
7.381 7.380 -3.5350387 0.4261679 2.5905263
7.401 7.400 -2.0925324 -0.2825158 2.4732103
7.421 7.420 -0.4357447 -2.8981812 1.5143325
7.441 7.440 -0.94810385 -4.759673 0.7733272
7.462 7.460 -0.7577648 -4.110844 0.88944596
7.482 7.480 -1.3455414 -5.6419363 0.11851298
7.502 7.500 -1.3144168 -5.209783 -0.59495914
7.521 7.520 0.5746084 -3.9971197 1.0151415
7.541 7.540 -0.89662856 -8.305486 -0.91697925
7.561 7.560 -0.82240826 -7.5884223 -0.8343793
7.581 7.580 -0.92655605 -7.8027034 -3.107674
7.601 7.600 -1.2868834 -8.483853 -4.209007
7.621 7.620 -1.721431 -9.488221 -4.959589
7.641 7.640 0.17717093 -9.479841 -3.679888
7.661 7.660 0.62009823 -8.446744 -0.2657564
7.681 7.680 0.090979666 -10.01734 1.9333179
7.701 7.700 -0.92655605 -12.926295 1.3515269
7.721 7.720 0.6655881 -11.301829 1.6005238
7.741 7.740 3.2118216 -12.684481 2.4157495
7.761 7.760 4.614824 -13.176489 2.5031378
7.781 7.780 4.811148 -12.594698 3.5541923
7.800 7.800 4.3897686 -15.617377 2.574964
7.821 7.820 5.638345 -14.500483 2.9532478
7.841 7.840 7.358579 -13.090298 5.6826377
7.860 7.860 8.845378 -12.369643 8.067263
7.880 7.880 8.078036 -12.822147 7.326257
7.901 7.900 8.085219 -11.361684 9.203311
7.921 7.920 9.512163 -11.099519 11.19409
7.941 7.940 9.841366 -11.660959 11.453861
7.961 7.960 9.611523 -10.338163 9.977836
7.981 7.980 10.33098 -7.952341 7.502231
8.001 8.000 11.818976 -6.161478 4.900931
8.021 8.020 12.455834 -4.876989 2.9879637
8.041 8.040 12.633005 -3.0490158 3.0573955
8.061 8.060 13.192051 0.24540567 3.2237926
8.081 8.080 13.413515 2.2577322 1.5825673
8.101 8.100 12.971785 2.2936451 -0.050278235
8.121 8.120 13.699622 1.8459295 -0.36750996
8.144 8.140 14.671668 1.543063 -0.23582886
8.161 8.160 14.554352 2.492364 0.24660277
8.181 8.180 14.020445 2.767697 0.7422025
8.202 8.200 13.0041065 2.5019407 1.4197617
8.221 8.220 11.325771 2.528277 1.7118542
8.241 8.240 10.0508585 1.1204864 1.0103531
8.261 8.260 9.465476 0.04309563 -0.4249708
8.281 8.280 7.3466077 0.107739076 -0.81283146
8.301 8.300 3.1280246 -3.3806129 -3.3806129
8.321 8.320 2.789245 -5.0254292 -5.955577
8.341 8.340 0.24660277 -5.141548 -7.1023993
8.361 8.360 -2.1763294 -1.8088194 -6.7839704
8.381 8.380 -3.4404678 1.4951789 -5.3402667
8.401 8.400 -2.3427265 0.092176765 -6.777985
8.421 8.420 1.4879963 2.6623523 -6.105214
8.444 8.440 5.16549 3.3925838 -3.5697548
8.461 8.460 6.4068837 0.61411273 -7.2723875
8.481 8.480 3.7301662 -1.863886 -8.514978
8.501 8.500 2.445677 -3.309984 -5.521029
8.521 8.520 3.4249055 -3.6391866 -5.189432
8.541 8.540 2.4025815 -4.8997335 -6.4547677
8.561 8.560 3.2788591 -3.728969 -5.023035
8.581 8.580 3.0250738 -3.4368765 -3.8055837
8.601 8.600 2.7605145 -3.4524388 -4.272453
8.621 8.620 4.31914 -4.0497923 -6.003461
8.641 8.640 3.776853 -4.983531 -6.242881
8.661 8.660 3.192668 -4.7764325 -3.4201171
8.681 8.680 2.5582044 -5.614403 -3.8534677
8.701 8.700 4.1659107 -5.463568 -5.805939
8.721 8.720 5.535394 -5.129577 -5.3019595
8.741 8.740 5.6359506 -6.465542 -5.60722
8.761 8.760 6.291962 -7.7428484 -5.4085016
8.781 8.780 7.204153 -9.235633 -6.241684
8.801 8.800 9.088389 -10.881647 -5.5617304
8.821 8.820 8.933964 -11.832145 -5.2744265
8.842 8.840 6.8186865 -11.662156 -3.1950622
8.861 8.860 7.101202 -11.317391 -0.34955344
8.881 8.880 7.0712748 -11.968615 -0.25617957
8.901 8.900 8.016984 -13.425486 -3.50152
8.921 8.920 10.323798 -12.246342 -0.11133038
8.941 8.940 12.555194 -10.582372 1.9919758
8.961 8.960 11.022904 -10.471041 2.5306711
8.981 8.980 10.352529 -8.799889 10.42196
9.001 9.000 11.899182 -9.957485 10.213664
9.021 9.020 16.29733 -9.53012 5.023035
9.041 9.040 18.83279 -5.7975593 5.7149596
9.061 9.060 18.347965 -4.1934443 10.4171715
9.081 9.080 15.235502 -6.4739213 13.545197
9.101 9.100 11.270704 -7.5848308 14.615404
9.121 9.120 10.357317 -6.0597243 14.744691
9.141 9.140 11.73518 -3.1160536 12.35049
9.161 9.160 10.275913 1.4377182 13.790602
9.181 9.180 9.19972 3.38181 14.745889
9.201 9.200 8.793902 4.3394904 13.091495
9.221 9.220 7.3047094 5.6910176 11.289858
9.242 9.240 5.105635 6.861782 10.593145
9.261 9.260 2.5438392 5.717354 8.719683
9.281 9.280 2.2098482 6.471527 4.134786
9.301 9.300 0.5494693 5.932832 0.48123455
9.324 9.320 -0.33039984 4.098873 -2.731784
9.341 9.340 -4.685453 3.4979286 0.5231331
9.361 9.360 -10.408792 1.8267759 4.71538
9.381 9.380 -6.731298 3.8750155 1.6316484
9.401 9.400 -3.7816415 2.433706 -0.533907
9.421 9.420 -2.0482395 0.9816227 -1.2725182
9.441 9.440 -2.658761 -0.22026655 -0.7517793
9.461 9.460 -3.5877113 -1.0582372 1.1073183
9.481 9.480 -3.1507695 -0.19871874 2.5713725
9.501 9.500 -2.2110453 -0.5315128 2.7497406
9.521 9.520 -0.7314286 -1.389834 3.0897174
9.541 9.540 -0.3196259 -2.7210102 0.78888947
9.561 9.560 -1.8148049 -4.010288 0.90261406
9.581 9.580 -2.9053638 -4.9440265 0.7062895
9.602 9.600 -3.1280246 -6.3578024 0.50038815
9.623 9.620 -2.5342624 -6.933608 0.7015011
9.641 9.640 -1.6448165 -7.4603324 0.760159
9.661 9.660 -0.81522566 -7.586028 0.39983168
9.681 9.680 -0.5626374 -8.59279 -0.33997664
9.701 9.700 -1.8148049 -11.597513 -2.066196
9.721 9.720 -2.0135236 -10.006566 -1.1456255
9.741 9.740 -0.80924016 -9.14585 0.94211835
9.761 9.760 1.8471266 -8.392874 2.4887726
9.782 9.780 3.833117 -9.894038 2.256535
9.801 9.800 3.074155 -14.43943 -1.3934253
9.821 9.820 2.9724014 -11.064803 3.6846764
9.841 9.840 4.277241 -10.510546 5.7879825
9.861 9.860 5.803545 -11.291056 5.7879825
9.881 9.880 7.026982 -11.43351 5.9651537
9.901 9.900 7.9930425 -11.45027 7.382521
9.921 9.920 8.462306 -10.892421 8.880095
9.941 9.940 8.586804 -10.685322 10.141838
9.961 9.960 9.299079 -9.837775 10.563218
9.981 9.980 10.45069 -9.54209 10.243592
10.001 10.000 11.556811 -9.384073 9.654618
10.022 10.020 14.204799 -7.156269 10.000581
10.041 10.040 14.561535 -6.4068837 10.010158
10.061 10.060 14.211981 -4.602853 9.476251
10.081 10.080 13.749901 -3.7074213 7.615956
10.101 10.100 13.53921 -2.1871033 5.74369
10.121 10.120 12.917915 -0.31483752 4.128801
10.142 10.140 13.520057 1.6256629 2.932897
10.161 10.160 14.7159605 2.6623523 2.232593
10.181 10.180 14.853627 2.134431 2.2481554
10.204 10.200 14.502877 0.82480246 2.8287494
10.221 10.220 16.072275 -0.6380547 3.027468
10.241 10.240 13.748703 -1.5023615 -0.06703765
10.262 10.260 10.180145 -0.44891283 -0.30166942
10.281 10.280 7.406463 2.147599 -0.11492168
10.301 10.300 7.6351094 2.408567 -0.5542577
10.321 10.320 7.477092 2.280477 -0.7074866
10.341 10.340 7.2568254 0.91458505 -1.769315
10.361 10.360 5.303157 1.4041992 -1.9788077
10.381 10.380 4.8781857 0.7110779 -1.7513585
10.401 10.400 6.853402 -0.6799533 -3.0298622
10.422 10.420 5.8095303 -0.02633622 -2.693477
10.441 10.440 4.747702 -0.17477672 -2.4049757
10.461 10.460 3.7493198 -2.5929205 -3.8786068
10.481 10.480 2.0159178 -4.3873744 -3.095703
10.504 10.500 1.2090719 -3.3267434 -0.29328972
10.521 10.520 2.707842 -5.327099 -2.44448
10.541 10.540 2.1176715 -6.233304 -5.753267
10.562 10.560 2.4528596 -4.047398 -1.0295067
10.581 10.580 2.2541409 -4.8374844 0.82599956
10.601 10.600 1.2808979 -5.8215013 0.8487445
10.621 10.620 0.81402856 -7.4866686 -0.04309563
10.641 10.640 2.360683 -6.331466 0.7410054
10.661 10.660 4.31076 -7.2723875 0.7422025
10.681 10.680 4.1802764 -8.664616 2.1883004
10.701 10.700 3.7493198 -9.303867 3.192668
10.721 10.720 3.964798 -8.767567 3.9636009
10.741 10.740 6.090849 -8.516175 4.128801
10.761 10.760 7.0605006 -6.8438253 7.195773
10.781 10.780 8.300697 -5.9723363 9.3421755
10.803 10.800 8.002619 -7.267599 8.966286
10.821 10.820 7.740454 -6.956353 10.152613
10.841 10.840 9.340978 -5.7604494 9.475053
10.861 10.860 10.135853 -4.474763 10.59554
10.881 10.880 8.259995 -6.1519012 11.613075
10.901 10.900 6.805518 -6.0405707 12.658144
10.921 10.920 9.324219 -2.0757728 14.06354
10.941 10.940 11.316195 -0.51714754 15.093047
10.961 10.960 9.214086 -1.1540052 17.043125
10.981 10.980 7.8050976 -2.1930888 17.909826
11.001 11.000 8.281544 -1.9213469 14.565126
11.021 11.020 6.179435 0.30885202 15.10861
11.042 11.040 5.094861 1.9321208 15.610195
11.061 11.060 5.544971 3.9097314 16.529568
11.081 11.080 9.890448 8.08881 18.344374
11.101 11.100 10.206482 9.5492735 21.588516
11.121 11.120 5.932832 5.390545 18.801666
11.141 11.140 5.267244 4.734534 12.427104
11.162 11.160 5.8634 8.39886 10.229227
11.181 11.180 6.211756 8.698134 7.5525093
11.201 11.200 7.08564 8.15106 4.140772
11.221 11.220 7.4830775 8.7951 1.9117701
11.241 11.240 2.1751323 7.27957 3.5170822
11.261 11.260 -1.2940661 6.0489507 3.1950622
11.281 11.280 -0.7146692 5.3941364 0.91338795
11.301 11.300 0.62249243 3.8510735 0.7553706
11.322 11.320 2.3355439 -1.1719618 1.0666169
11.342 11.340 0.039504327 -7.4926543 3.8905778
11.361 11.360 -0.8451532 -11.267113 4.9164934
11.384 11.380 -0.93254155 -11.087548 5.6096144
11.401 11.400 -3.4261026 -8.371326 8.349778
11.421 11.420 -5.3486466 -6.853402 5.5964465
11.442 11.440 -6.739678 -5.257667 4.131195
11.461 11.460 -5.5162406 -5.1690817 2.1918917
11.481 11.480 -3.0945058 -3.6535518 2.110489
11.501 11.500 -1.2641385 -4.6698904 1.6879122
11.521 11.520 1.0235212 -4.9787426 1.5023615
11.541 11.540 2.1200657 -8.001422 -0.63087213
11.561 11.560 3.7421372 -9.587581 -0.5422867
11.581 11.580 4.6519337 -11.325771 0.22625206
11.601 11.600 4.3358994 -10.45907 0.7613561
11.621 11.620 3.2848446 -10.650606 1.3156139
11.641 11.640 3.916914 -10.477027 1.7645266
11.661 11.660 5.955577 -9.443929 2.789245
11.683 11.680 8.573636 -8.505402 4.818331
11.701 11.700 9.944317 -8.413225 6.281188
11.721 11.720 10.139444 -9.166202 7.0365586
11.741 11.740 11.51611 -9.424775 6.9862804
11.761 11.760 13.236344 -9.488221 5.7843914
11.781 11.780 13.042414 -7.6650367 4.606444
11.801 11.800 10.880449 -5.973533 3.2836475
11.821 11.820 10.454282 -5.3318872 0.62967503
11.841 11.840 10.803835 -4.5022964 -1.8579005
11.861 11.860 11.107899 -2.610877 -1.7992426
11.881 11.880 11.259931 -1.0366893 -2.0326772
11.901 11.900 11.153389 -0.545878 -2.6850972
11.920 11.920 10.637438 0.25019407 -2.6048915
11.940 11.940 9.223662 3.0442274 -2.0566192
11.962 11.961 10.406398 4.6255975 -2.8754363
11.980 11.980 13.038822 4.5765166 -3.751714
12.001 12.000 12.907142 4.5382094 -2.4121583
12.021 12.020 9.629479 4.3646297 -1.0953473
12.041 12.040 7.0006456 2.9652188 -1.9381063
12.061 12.060 7.747637 2.7940333 -2.4911668
12.081 12.080 8.404845 2.1894975 -3.1376014
12.101 12.100 7.8876977 1.8590976 -2.681506
12.121 12.120 7.65546 1.2234371 -3.156755
12.141 12.140 7.430405 1.1935096 -3.3650506
12.164 12.160 8.412027 0.33518824 -3.05141
12.181 12.180 8.1797905 -0.6584055 -2.955642
12.202 12.200 9.175778 -1.472434 -4.3718123
12.221 12.220 9.582792 -1.2006922 -3.0202854
12.241 12.240 7.565677 -1.292869 -1.9369092
12.264 12.260 7.117962 -2.8191724 -3.4584243
12.281 12.280 6.302736 -3.0190883 -3.1794999
12.301 12.300 6.695385 -2.7234044 -3.107674
12.321 12.320 6.10282 -0.089782566 0.06584055
12.341 12.340 4.614824 -0.05746084 2.3906105
12.361 12.360 5.142745 -2.8383262 0.91937345
12.381 12.380 5.9771247 -2.9735985 3.108871
12.401 12.400 7.023391 -3.0550013 6.3482256
12.421 12.420 8.672996 -5.3642087 4.7788267
12.441 12.440 8.6574335 -5.6096144 5.070919
12.461 12.460 8.931569 -6.8689647 5.1319714
12.481 12.480 9.725247 -6.851008 6.1542954
12.501 12.500 9.266758 -6.6103907 6.0681043
12.521 12.520 5.949591 -7.833828 8.566454
12.541 12.540 5.1702785 -7.097611 10.474632
12.563 12.560 7.502231 -3.8235402 11.781867
12.581 12.580 8.597578 -1.6879122 12.228385
12.601 12.600 6.1411276 -3.2728736 12.799402
12.621 12.620 6.3721676 -3.3147724 12.595895
12.641 12.640 8.516175 0.15203181 14.0803
12.661 12.660 7.9343843 2.598906 16.1453
12.681 12.680 6.89171 2.3199813 15.874754
12.701 12.700 4.4939165 -0.12689269 15.622166
12.721 12.720 5.7484784 0.20829555 12.876017
12.741 12.740 5.9124813 2.5486276 13.204022
12.761 12.760 5.6539073 4.782418 14.842854
12.781 12.780 6.232107 7.133524 16.3105
12.801 12.800 7.8182654 7.4974427 17.209522
12.821 12.820 8.857349 6.612785 18.22227
12.841 12.840 7.4028716 5.7867856 18.61013
12.863 12.860 5.919664 7.0545154 13.517663
12.881 12.880 5.559336 7.169437 9.877279
12.901 12.900 4.2221746 4.7165775 5.7903767
12.921 12.920 -2.006341 3.90614 7.4136457
12.941 12.940 -7.0808516 3.9013517 9.062054
12.961 12.960 -6.203377 4.8458643 7.2664022
12.981 12.980 -2.6072857 4.1934443 5.2564697
13.001 13.000 1.1300632 2.2493525 4.4125137
13.021 13.020 2.030283 -0.973243 5.121197
13.041 13.040 -0.2681506 -4.173094 5.705383
13.061 13.060 -1.0450691 -4.687847 7.668628
13.081 13.080 0.7170634 -5.6179943 6.8653736
13.101 13.100 1.4927847 -8.104373 3.5063083
13.121 13.120 2.1272483 -9.084799 1.0881647
13.141 13.140 1.9081788 -9.587581 -0.7386112
13.161 13.160 2.054225 -8.620323 -0.2705448
13.181 13.180 3.3674448 -7.3310456 0.79128367
13.201 13.200 3.9360676 -7.3406224 0.7374141
13.221 13.220 3.1950622 -9.233239 -0.7410054
13.241 13.240 1.4580688 -9.275137 -0.89184016
13.261 13.260 0.48961425 -8.349778 0.4261679
13.281 13.280 0.94451255 -7.4244194 2.244564
13.301 13.300 2.4959552 -8.14268 3.2237926
13.321 13.320 4.4448357 -8.8777 4.787206
13.341 13.340 5.9005103 -9.415198 6.3422403
13.361 13.360 7.311892 -9.143456 7.884106
13.382 13.380 8.258799 -8.672996 9.165004
13.401 13.400 8.796297 -9.137471 9.709685
13.421 13.420 8.973468 -9.667787 10.289082
13.441 13.440 10.368091 -9.062054 11.191696
13.461 13.460 11.3964 -7.777564 11.530476
13.481 13.480 11.75553 -6.825869 10.378864
13.501 13.500 11.660959 -5.4623713 9.630676
13.521 13.520 11.097125 -3.9947255 9.229648
13.541 13.540 11.69807 -2.9388826 8.602366
13.561 13.560 13.582306 -0.4441244 8.037335
13.581 13.580 13.833697 0.878672 7.327454
13.601 13.600 13.202826 1.5023615 6.1662664
13.621 13.620 12.838906 2.517503 5.0960584
13.641 13.640 12.945449 3.0190883 4.250905
13.661 13.660 12.28824 1.7238252 4.092888
13.681 13.680 11.355699 1.3120226 3.964798
13.701 13.700 10.643424 0.91817635 2.2732944
13.721 13.720 11.122264 0.60214174 2.31639
13.743 13.740 11.247959 -1.0726024 1.4257472
13.761 13.760 10.44231 -2.291251 -0.85473
13.781 13.780 7.9511437 0.38187516 -0.4357447
13.801 13.800 8.280347 0.8882488 1.5406688
13.821 13.820 8.874108 -0.6332663 0.3890578
13.841 13.840 7.3968863 -1.258153 0.50158525
13.861 13.860 6.861782 -1.1623849 -0.047884032
13.881 13.880 6.987478 -0.32800564 1.4305356
13.901 13.900 6.63553 -1.5071499 2.4875755
13.921 13.920 5.6000376 -2.31639 1.4317327
13.941 13.940 6.8665705 -2.147599 2.3654714
13.961 13.960 6.4152637 -1.875857 3.9396589
13.981 13.980 5.0757074 -3.5098996 3.3662477
14.001 14.000 3.9851487 -3.1627405 3.180697
14.021 14.020 4.0306387 -4.3478703 1.6711528
14.042 14.040 5.3007627 -4.392163 3.5051112
14.061 14.060 6.671443 -3.678691 7.7081323
14.081 14.080 8.341399 -4.5394063 8.27077
14.101 14.100 9.052477 -4.9763484 8.00621
14.121 14.120 8.517372 -4.8398786 9.882068
14.141 14.140 8.359355 -6.871359 11.182119
14.161 14.160 10.532093 -6.289568 12.539632
14.181 14.180 11.104307 -5.1487308 14.607024
14.201 14.200 7.848193 -7.0305734 13.55597
14.221 14.220 6.495469 -5.7808 14.647726
14.241 14.240 9.0081835 -2.779668 13.7367325
14.261 14.260 11.209652 0.4369418 13.972561
14.281 14.280 11.427525 2.3810337 14.143746
14.302 14.300 8.846576 2.741361 14.281413
14.321 14.320 6.6774287 2.2720973 13.524845
14.341 14.340 6.683414 1.0749966 12.083536
14.361 14.360 9.012972 1.3443443 10.075998
14.381 14.380 14.471752 3.1004913 10.311827
14.401 14.400 14.688427 3.144784 13.041217
14.421 14.420 11.882423 3.6631286 16.928204
14.441 14.440 12.127829 5.0625396 15.816096
14.461 14.460 13.717579 6.0381765 12.889185
14.481 14.480 13.402741 4.8542438 11.631032
14.501 14.500 10.346542 4.620809 14.027628
14.521 14.520 7.062895 4.9416323 14.347254
14.541 14.540 3.8594532 4.4520183 13.085509
14.561 14.560 3.371036 5.0385976 9.895236
14.581 14.580 5.1379566 5.233725 7.1885905
14.601 14.600 7.445967 5.2780175 5.8885393
14.621 14.620 7.9870567 3.0909145 6.0285997
14.641 14.640 7.9212165 0.9648633 6.3302693
14.661 14.660 6.254852 -1.3012487 6.7983356
14.681 14.680 5.6299653 -5.662287 5.853823
14.700 14.700 6.179435 -8.263587 3.0573955
14.721 14.720 6.087258 -9.548077 4.8506527
14.741 14.740 5.088876 -9.414001 6.7265096
14.761 14.760 3.9815574 -9.507375 6.743269
14.781 14.780 2.2098482 -8.74961 5.269638
14.801 14.800 1.5239093 -8.74961 3.276465
14.821 14.820 1.5023615 -6.879739 3.4332852
14.842 14.840 3.3123782 -5.852626 5.5725045
14.861 14.860 4.9308586 -6.179435 7.2628107
14.881 14.880 5.16549 -7.517793 7.562086
14.901 14.900 4.1683054 -8.809465 8.074445
14.922 14.920 3.016694 -9.557653 9.208099
14.941 14.940 3.2752678 -8.790312 10.84334
14.961 14.960 4.739322 -7.207744 11.975797
14.981 14.980 6.6271505 -6.1183825 12.343307
15.001 15.000 8.368932 -6.1650696 11.968615
15.021 15.020 10.160992 -4.9919105 12.569559
15.041 15.040 9.583989 -3.7301662 13.492524
15.061 15.060 9.121908 -3.2190042 13.358448
15.081 15.080 8.7771435 -2.2948422 13.10586
15.101 15.100 7.7248917 -2.0925324 12.039244
15.121 15.120 7.517793 -2.3463178 12.3038025
15.141 15.140 7.890092 -1.7118542 12.063186
15.161 15.160 7.6770077 -0.94092125 12.287044
15.181 15.180 9.180567 0.36511576 13.249513
15.201 15.200 8.106767 0.48482585 11.729194
15.222 15.220 6.005855 0.5805939 11.416751
15.241 15.240 8.024167 -0.82001406 10.607511
15.261 15.260 9.858126 -1.0079589 8.742428
15.281 15.280 8.789114 0.5805939 8.106767
15.304 15.300 7.7081323 0.9708488 9.399636
15.321 15.320 8.231265 -0.06703765 7.3609734
15.341 15.340 7.8517847 0.61530983 6.733692
15.361 15.360 5.767632 1.0606314 8.366538
15.381 15.380 3.9576154 1.4257472 9.69532
15.401 15.400 3.2692823 0.02633622 8.403648
15.421 15.420 4.1515455 -1.8064252 6.3422403
15.441 15.440 4.1683054 -0.6931214 7.753622
15.461 15.460 6.093243 -0.89303726 9.358934
15.481 15.480 8.064868 -1.3515269 8.303091
15.505 15.500 7.6650367 -1.8614918 9.578004
15.522 15.520 5.9627595 -3.3291376 11.341333
15.541 15.540 5.052963 -4.5992613 11.514913
15.561 15.560 3.9803603 -6.2740054 11.146206
15.581 15.580 5.043386 -6.862979 11.512519
15.601 15.600 7.61835 -6.7468605 11.743559
15.621 15.620 8.62152 -4.404134 13.14297
15.641 15.640 8.380903 -5.093664 12.25113
15.661 15.660 5.595249 -5.112818 12.819753
15.681 15.680 5.592855 -7.1550717 10.981006
15.701 15.700 8.53892 -6.7025676 11.5616
15.721 15.720 11.566388 -4.581305 15.143326
15.741 15.740 14.627376 -4.935647 15.344439
15.761 15.760 16.298529 -4.3358994 16.773777
15.781 15.780 15.946581 -4.6710877 18.914194
15.802 15.800 14.84405 -5.8837504 19.79526
15.821 15.820 15.240291 -7.8505874 16.585833
15.841 15.840 15.1696615 -7.728483 15.794549
15.861 15.860 16.581043 -6.4032927 15.684415
15.881 15.880 20.330364 -3.8953662 16.069881
15.901 15.900 23.440432 -3.8031895 12.164939
15.921 15.920 19.41578 -5.0876784 10.927136
15.941 15.940 15.283386 -2.6539726 8.916007
15.961 15.960 12.788629 0.40701428 7.013814
15.981 15.980 9.5253315 3.3123782 6.7564373
16.001 16.000 6.872556 3.3806129 5.0900726
16.021 16.020 5.864597 3.3363202 2.078167
16.042 16.040 5.671864 1.5334862 0.60693014
16.061 16.060 4.8027687 -0.7613561 0.60693014
16.081 16.080 3.606865 -2.813187 2.883816
16.102 16.100 2.5809495 -3.3291376 6.727707
16.121 16.120 0.60932434 -4.9775453 5.961562
16.141 16.140 -0.08020575 -5.427655 4.209007
16.161 16.160 0.7697359 -6.23091 2.4504654
16.181 16.180 1.7142484 -6.355408 1.8806454
16.201 16.200 2.9017725 -5.8143187 2.9747956
16.221 16.220 2.6635494 -6.3470287 3.881001
16.241 16.240 0.676362 -7.15986 4.5022964
16.261 16.260 0.11372458 -8.297106 4.4400473
16.281 16.280 1.5478514 -8.943541 5.2121773
16.301 16.300 3.8367083 -8.668207 6.3099184
16.321 16.320 5.4863133 -9.018958 7.1287355
16.341 16.340 7.8733325 -9.3421755 8.6299
16.361 16.360 9.427169 -9.2547865 10.547656
16.381 16.380 10.828975 -7.9212165 13.521255
16.402 16.400 10.111911 -6.989872 15.087062
16.421 16.420 8.865729 -5.5126495 14.053964
16.441 16.440 9.267955 -3.8367083 11.979388
16.461 16.460 11.118672 -2.6013002 9.425972
16.485 16.480 13.309367 -1.8962077 6.634333
16.502 16.500 14.944607 -0.8499416 4.406528
16.521 16.520 16.15727 0.11252748 2.2888567
16.541 16.540 16.436195 0.9672575 0.45729253
16.561 16.560 17.013197 1.4377182 -1.2952632
16.581 16.580 16.675615 0.33039984 -1.0534488
16.601 16.600 14.409503 0.25737667 0.1376666
16.621 16.620 12.0488205 1.7381904 0.1316811
16.641 16.640 8.747216 2.9460652 -0.33758244
16.661 16.660 6.5098343 3.606865 -0.44891283
16.681 16.680 7.1790137 3.728969 -1.1109096
16.701 16.700 6.6403184 3.394978 -2.0135236
16.721 16.720 5.400122 4.7201686 -2.1942859
16.741 16.740 4.661511 5.097255 -1.7788919
16.761 16.760 3.9851487 3.2070332 -3.728969
16.781 16.780 5.6108117 2.4468741 -5.2528787
16.801 16.800 5.6539073 2.5091233 -5.246893
16.821 16.820 4.474763 2.8407204 -3.9695864
16.841 16.840 4.06296 3.5350387 -2.7449522
16.861 16.860 7.785944 0.6344634 -6.2380924
16.881 16.880 5.711368 -1.5478514 -9.021352
16.901 16.900 4.5142674 -0.81522566 -7.2029557
16.921 16.920 5.7963624 1.2270284 -3.9217024
16.941 16.940 6.817489 0.10534488 -4.924873
16.961 16.960 6.9838862 -1.1180922 -5.255273
16.981 16.980 9.19134 -2.777274 -5.8203044
17.001 17.000 8.829816 -3.799598 -3.6056678
17.022 17.020 6.841431 -6.907272 -3.2501287
17.041 17.040 2.2469583 -8.842984 -0.9816227
17.061 17.060 0.33159694 -9.510966 1.5705963
17.082 17.080 2.208651 -10.627861 0.046686932
17.101 17.100 6.1507044 -9.069236 -2.445677
17.121 17.120 6.8869214 -8.468291 0.049081136
17.141 17.140 8.476671 -9.120711 1.3946224
17.161 17.160 9.255983 -11.416751 2.2218192
17.181 17.180 10.535685 -12.37922 1.6819267
17.201 17.200 12.374432 -11.264719 2.27928
17.221 17.220 12.277467 -11.7543335 0.80205756
17.241 17.240 10.363302 -13.1477585 1.8088194
17.261 17.260 9.66659 -13.236344 2.0159178
17.281 17.280 10.400413 -10.8948145 4.10845
17.301 17.300 10.004171 -9.838972 6.7492547
17.321 17.320 8.330625 -10.43872 8.793902
17.341 17.340 9.818622 -13.482946 9.200917
17.361 17.360 13.267468 -15.172056 6.477513
17.382 17.380 19.589357 -12.776657 4.892551
17.401 17.400 22.665907 -13.575124 2.5486276
17.421 17.420 19.49 -12.451046 14.05157
17.441 17.440 15.544354 -13.321339 15.711948
17.461 17.460 12.319365 -13.066356 14.92665
17.481 17.480 10.466252 -10.626664 13.609839
17.501 17.500 11.136629 -8.080431 14.487314
17.521 17.520 14.441825 -5.9292407 15.201983
17.541 17.540 20.037073 -4.7189717 14.015656
17.561 17.560 21.590912 -4.7429137 13.90672
17.581 17.580 20.791248 -5.281609 12.837709
17.601 17.600 18.392258 -4.247314 11.58674
17.621 17.620 13.278243 -2.8263552 11.077971
17.641 17.640 8.607155 -0.09816227 6.5696893
17.661 17.660 7.7560163 2.2278047 4.110844
17.682 17.680 6.3601966 3.3961751 6.039374
17.701 17.700 5.8107276 5.5737014 8.1402855
17.721 17.720 5.0757074 4.602853 6.3087215
17.741 17.740 4.3167458 2.6420016 1.6771383
17.761 17.760 5.920861 2.372654 0.022744916
17.781 17.780 5.1355624 0.51475334 2.8993783
17.801 17.800 3.764882 -1.5119383 4.8662148
17.821 17.820 3.799598 -3.1531637 3.7457285
17.841 17.840 4.8542438 -4.8865657 2.3558946
17.861 17.860 5.6586957 -7.9822683 1.7968484
17.881 17.880 3.8510735 -9.384073 0.439336
17.902 17.900 2.0721815 -7.65546 -0.8846575
17.921 17.920 0.62129533 -6.9958572 -1.7501614
17.941 17.940 1.2725182 -5.1259856 -1.532289
17.963 17.960 3.1639376 -3.5697548 0.20709845
17.981 17.980 5.4671597 -3.1543608 1.3826514
18.001 18.000 7.241263 -4.4723687 1.6124948
18.021 18.020 7.723695 -7.7847466 1.7070658
18.041 18.040 7.4483614 -11.751939 2.5151088
18.061 18.060 7.229292 -15.023616 3.942053
18.081 18.080 5.6203885 -16.857574 6.3362546
18.101 18.100 4.772841 -15.987282 7.5572977
18.121 18.120 5.1702785 -14.039598 8.686164
18.142 18.140 6.7384806 -11.756727 8.889671
18.161 18.160 9.069236 -10.140641 8.453926
18.181 18.180 12.338518 -8.9998045 8.35337
18.201 18.200 15.778986 -7.589619 8.364143
18.221 18.220 17.436972 -5.8909335 7.914034
18.241 18.240 18.219875 -4.0414124 7.309498
18.262 18.260 19.716251 -2.256535 7.1371155
18.281 18.280 19.564219 -1.4161704 5.625177
18.301 18.300 17.519571 0.110133275 3.8869865
18.321 18.320 15.184027 1.2294226 2.6503813
18.345 18.340 13.68406 2.1428106 0.93972415
18.361 18.360 13.609839 1.8698715 -0.94690675
18.381 18.380 14.5328045 2.669535 -1.1611878
18.401 18.400 13.951014 4.903325 0.15801731
18.421 18.420 13.30817 4.4005427 0.8391677
18.441 18.440 11.83813 3.9516299 1.6831238
18.461 18.460 9.570822 4.6830587 2.9855695
18.481 18.480 10.0903635 2.1092918 2.4384944
18.501 18.500 7.120356 0.90500826 0.2801216
18.521 18.520 4.2999864 0.8822633 0.050278235
18.541 18.540 3.618836 -0.22385786 0.50996494
18.561 18.560 3.1292217 -0.6943185 -2.0350714
18.581 18.580 1.7513585 0.62368953 -1.5191209
18.601 18.600 2.777274 1.6903064 0.48362875
18.621 18.620 3.347094 1.1360487 -0.23942018
18.644 18.640 1.9847932 -3.2202013 -3.0538042
18.661 18.660 2.6479871 -1.8662802 -4.0066967
18.681 18.680 5.5126495 -1.0223241 -2.1859062
18.701 18.700 5.4432178 -3.7612908 -3.5793316
18.721 18.720 5.3606176 -4.675876 -1.70946
18.741 18.740 6.727707 -4.3358994 0.5279215
18.761 18.760 3.894169 -7.074866 2.5941176
18.781 18.780 -0.41060558 -11.941081 6.731298
18.801 18.800 -0.8702923 -13.80377 7.908048
18.821 18.820 1.353921 -15.714343 1.7525556
18.843 18.840 6.411672 -13.006501 0.39624038
18.861 18.860 14.323312 -7.8493905 4.331111
18.881 18.880 18.0858 -8.647857 5.649119
18.901 18.900 20.48838 -10.778696 5.747281
18.921 18.920 23.186646 -11.73518 8.572439
18.941 18.940 22.916101 -15.450981 12.54442
18.961 18.960 22.042217 -16.00045 13.443442
18.981 18.980 20.19988 -17.022774 10.751163
19.001 19.000 18.307262 -15.787366 10.356119
19.021 19.020 17.500418 -13.68406 9.6845455
19.041 19.040 17.621325 -12.659342 13.206416
19.061 19.060 19.68393 -10.42196 13.261483
19.081 19.080 21.325155 -7.8469963 12.144588
19.101 19.100 21.770475 -5.5138464 11.743559
19.121 19.120 21.29403 -4.021062 14.6680765
19.141 19.140 20.53028 -3.916914 15.969325
19.161 19.160 21.084538 -2.432509 12.600683
19.181 19.180 20.223822 -2.847903 8.919599
19.201 19.200 17.45373 -2.6264393 8.376115
19.221 19.220 14.907496 -3.5110967 8.728063
19.241 19.240 13.217191 -2.1871033 6.955156
19.261 19.260 10.964247 -2.15957 4.6255975
19.281 19.280 9.263166 -1.8579005 2.621651
19.301 19.300 7.1861963 -0.15801731 1.1911154
19.321 19.320 5.553351 1.0342951 1.5047557
19.341 19.340 4.4963107 3.1986535 4.9667716
19.361 19.360 3.2261868 5.0158525 7.690176
19.381 19.380 3.333926 2.1068976 4.2425256
19.401 19.400 4.3287168 -1.1899183 1.685518
19.421 19.420 4.876989 -2.0817583 1.3910311
19.441 19.440 4.1371803 -2.9939492 2.0626047
19.461 19.460 3.0107086 -3.8307228 1.8052281
19.481 19.480 2.3295584 -3.13401 1.9405005
19.501 19.500 1.7848774 -3.2513258 1.8746599
19.525 19.520 2.529474 -3.9875429 1.543063
19.541 19.540 3.4620156 -5.0385976 1.0163386
19.561 19.560 3.4440591 -7.289147 -0.04189853
19.581 19.580 3.1507695 -7.9427643 -0.33039984
19.601 19.600 2.5582044 -8.602366 0.45968673
19.621 19.620 3.1172507 -9.5253315 1.246182
19.641 19.640 3.58412 -11.177331 2.0518308
19.661 19.660 3.3686419 -13.135788 2.9317
19.681 19.680 1.2808979 -15.162479 3.5458126
19.701 19.700 -0.6344634 -17.446548 4.5681367
19.721 19.720 -1.0761937 -16.940174 6.5577183
19.741 19.740 0.62608373 -15.959748 7.6626425
19.761 19.760 4.1922474 -16.36317 7.989451
19.781 19.780 6.9587474 -17.220295 7.5932107
19.801 19.800 8.271967 -16.79293 9.539697
19.824 19.820 8.261193 -15.461755 14.131776
19.841 19.840 6.884527 -14.573505 15.412673
19.861 19.860 7.2987237 -13.175292 16.822859
19.881 19.880 9.635465 -10.196905 17.324444
19.901 19.900 10.5285015 -7.8972745 17.48246
19.921 19.920 9.592369 -5.4408236 17.673998
19.941 19.940 9.623494 -4.0701427 16.472107
19.961 19.960 11.505336 -2.9855695 13.728353
19.981 19.980 11.512519 -1.0295067 13.552379
20.001 20.000 9.617508 -0.10175357 13.335704
20.021 20.020 7.5561004 -2.6599581 8.394072
20.040 20.040 7.098808 -3.1663318 5.5102553
20.060 20.060 7.0425444 -1.0031705 2.859874
20.081 20.080 6.9252286 1.0522517 2.1739352
20.102 20.100 6.999449 1.2126632 2.6408045
20.123 20.120 8.531737 -0.37469256 0.94930094
20.141 20.140 5.74369 0.06584055 1.8495208
20.161 20.160 2.8802247 -0.21068975 1.4413095
20.181 20.180 2.6132712 -0.90261406 0.075417355
20.201 20.200 2.0614076 -2.3882163 -0.19512744
20.222 20.220 0.31124622 -3.7840357 -1.1659763
20.241 20.240 -0.8702923 -1.9632454 -3.9947255
20.261 20.260 1.970428 1.2389994 -4.280833
20.281 20.280 3.3614593 -0.8714894 -5.0493712
20.301 20.300 2.8802247 -3.1507695 -0.02633622
20.321 20.320 4.5286326 -6.1746464 3.289633
20.341 20.340 7.559692 -7.8829093 -0.78290397
20.361 20.360 4.879383 -7.1969705 4.4520183
20.381 20.380 4.7919946 -10.764331 3.4931402
20.401 20.400 7.8589673 -10.517728 3.6643257
20.421 20.420 11.389217 -8.89446 6.634333
20.441 20.440 12.124237 -8.844181 6.5840545
20.461 20.460 8.476671 -10.426748 7.4567413
20.481 20.480 9.041702 -9.112331 8.567651
20.502 20.500 10.0508585 -8.736442 11.316195
20.521 20.520 11.474212 -6.6247563 14.94341
20.541 20.540 13.533225 -5.886145 14.283808
20.561 20.560 14.81532 -7.111976 14.251486
20.581 20.580 16.044743 -7.2448545 17.599777
20.601 20.600 17.933767 -8.2995 18.07742
20.621 20.620 18.286913 -9.163807 16.521189
20.641 20.640 17.96609 -9.805453 14.999674
20.661 20.660 18.095377 -9.67018 14.632164
20.681 20.680 21.526268 -9.415198 13.485341
20.704 20.700 21.610065 -8.876503 13.909115
20.721 20.720 19.722237 -8.956709 14.322115
20.741 20.740 17.629704 -9.740809 13.293805
20.761 20.760 16.655264 -9.7084875 12.058397
20.781 20.780 16.280571 -8.453926 11.610682
20.801 20.800 16.219519 -7.419631 10.681731
20.821 20.820 16.187199 -7.2831616 7.8888946
20.841 20.840 16.12375 -8.631097 3.0777464
20.861 20.860 14.863204 -9.752781 -0.09816227
20.881 20.880 12.37084 -11.054029 -1.4053963
20.901 20.900 10.754754 -9.528923 0.51116204
20.921 20.920 11.542446 -6.862979 0.06823475
20.941 20.940 11.85489 -7.061698 -2.7688942
20.961 20.960 10.81461 -8.298303 -6.405687
20.981 20.980 7.45315 -11.915942 -6.4787097
21.001 21.000 3.3842041 -9.604341 -4.509479
21.021 21.020 1.7130513 -4.271256 -1.6017209
21.041 21.040 0.4237737 -1.7154455 0.39624038
21.061 21.060 1.316811 1.0043676 -2.1906946
21.081 21.080 2.3391352 -0.3842694 -3.807978
21.101 21.100 2.2888567 -2.7617116 -4.1742907
21.121 21.120 3.039439 -3.0298622 -2.3822308
21.141 21.140 4.7764325 -4.378995 -2.9125464
21.161 21.160 5.686229 -5.2145715 -4.0019083
21.181 21.180 5.4264584 -7.6255326 -5.0625396
21.201 21.200 5.577293 -9.212888 -5.470751
21.221 21.220 5.6922145 -10.032902 -4.947618
21.241 21.240 4.6710877 -10.230424 -3.383007
21.261 21.260 3.442862 -11.2132435 -1.2078748
21.281 21.280 2.6276364 -12.975376 0.7038953
21.301 21.300 2.244564 -12.3876 1.7046716
21.321 21.320 2.4241292 -10.888829 2.146402
21.341 21.340 5.08289 -10.92594 1.3323733
21.361 21.360 6.95755 -10.849325 0.45609543
21.381 21.380 9.428367 -10.869676 -0.7266402
21.401 21.400 11.614272 -10.313024 0.05267244
21.421 21.420 12.553997 -10.047267 0.81642276
21.441 21.440 14.474147 -10.499771 -0.1412579
21.461 21.460 15.661671 -9.949105 0.92176765
21.481 21.480 15.405491 -6.7648168 3.9839516
21.501 21.500 16.053122 -3.918111 4.593276
21.521 21.520 18.693928 -2.8335378 4.5298295
21.541 21.540 19.626469 -3.4883518 3.2788591
21.561 21.560 16.802507 -3.977966 0.90141696
21.581 21.580 16.002844 -3.0370448 -1.7896658
21.601 21.600 17.505205 -1.4293385 -4.489128
21.621 21.620 18.221071 -0.49440265 -4.6016555
21.641 21.640 16.323668 -0.36152446 -3.0621839
21.661 21.660 15.297751 -0.4285621 -3.5338416
21.684 21.680 20.679916 -1.5442601 -5.4049106
21.701 21.700 22.438457 -2.3008277 -5.631162
21.721 21.720 18.18516 -2.3116016 -3.0430303
21.742 21.740 14.524425 -2.5893292 -2.7665
21.761 21.760 11.773487 -4.1695023 -4.7177744
21.781 21.780 13.006501 -4.0557775 -5.0625396
21.801 21.800 12.1840925 -4.820725 -5.7544637
21.821 21.820 9.618706 -3.9731777 -4.51307
21.841 21.840 10.123882 -3.3985693 -3.834314
21.861 21.860 8.734048 -4.485537 -4.6962266
21.881 21.880 6.101623 -3.881001 -2.9245174
21.901 21.900 4.969166 -1.484405 2.7521348
21.921 21.920 6.528988 -3.5338416 -1.6136919
21.941 21.940 6.197391 -3.53863 -1.1492168
21.961 21.960 6.55293 -3.6894648 4.0701427
21.983 21.980 5.6335564 -9.004593 -1.0378864
22.002 22.000 8.9842415 -8.723274 0.21428105
22.021 22.020 10.067618 -10.406398 3.0466216
22.041 22.040 10.502166 -11.723208 2.8191724
22.061 22.060 10.625467 -12.340913 0.8798691
22.081 22.080 12.270284 -10.478224 2.2062569
22.101 22.100 13.329718 -9.212888 7.08564
22.121 22.120 15.619772 -10.134656 5.711368
22.141 22.140 16.940174 -10.398018 6.105214
22.161 22.160 16.22311 -9.661801 8.541314
22.182 22.180 14.967352 -9.69532 10.007763
22.201 22.200 14.433445 -10.486604 9.209297
22.221 22.220 17.314867 -10.729615 8.716091
22.241 22.240 21.150377 -11.267113 8.887277
22.261 22.260 23.633165 -11.168951 11.427525
22.281 22.280 25.190594 -10.653001 12.0967045
22.301 22.300 23.651121 -10.092757 11.71842
22.321 22.320 21.746534 -9.127894 10.19092
22.341 22.340 19.264944 -8.865729 6.941988
22.361 22.360 16.716316 -7.291541 2.633622
22.381 22.380 18.302475 -3.2728736 -0.22625206
22.401 22.400 16.912642 -1.6639702 -0.0023942017
22.421 22.420 12.161347 -2.6839 0.04070143
22.441 22.440 9.348161 -2.4372973 -0.1388637
22.461 22.460 7.00304 -2.3870192 -0.59855044
22.481 22.480 4.5884876 -0.5770026 -0.7661445
22.502 22.500 2.6563668 0.760159 -1.283292
22.521 22.520 1.2653356 2.3906105 -1.2473791
22.541 22.540 0.91578215 3.2872388 -0.80325466
22.564 22.560 1.3036429 3.5314474 -0.10175357
22.581 22.580 1.6950948 2.5845408 0.5386954
22.601 22.600 3.2142158 1.4257472 0.92655605
22.621 22.620 3.7984009 0.0023942017 1.4676456
22.641 22.640 4.9943047 -2.2493525 1.7585411
22.661 22.660 5.1583076 -4.9536033 0.0035913025
22.681 22.680 4.2999864 -5.2085857 -0.20350714
22.702 22.700 3.5625722 -4.4783545 1.0115502
22.721 22.720 2.9903579 -4.7297454 1.4796166
22.741 22.740 3.775656 -5.741296 1.4676456
22.761 22.760 4.7776294 -7.1610575 0.5722142
22.781 22.780 4.369418 -9.060856 -0.59495914
22.801 22.800 3.1304188 -9.79827 -0.62967503
22.822 22.820 2.3630772 -10.401609 0.25977087
22.841 22.840 1.7597382 -12.644977 0.7170634
22.864 22.860 0.8822633 -15.856798 2.1380222
22.881 22.880 -0.93852705 -16.4338 2.256535
22.901 22.900 -0.6428431 -14.170083 2.4827871
22.921 22.920 0.3184288 -11.918336 3.3842041
22.941 22.940 1.4748282 -11.110293 3.5075054
22.961 22.960 4.0186677 -9.996989 3.846285
22.981 22.980 6.0202203 -9.791088 5.116409
23.002 23.000 8.091205 -10.351331 7.559692
23.021 23.020 9.8042555 -11.032481 9.874885
23.041 23.040 10.059238 -12.091916 11.320983
23.061 23.060 8.969876 -12.445061 12.121843
23.081 23.080 8.380903 -12.471396 13.035232
23.101 23.100 8.99741 -11.455058 13.356054
23.121 23.120 10.286688 -9.855731 12.609063
23.141 23.140 11.59871 -8.141483 11.626244
23.163 23.160 12.135012 -6.033388 12.012907
23.181 23.180 11.96622 -5.2840033 11.419145
23.201 23.200 12.694057 -4.9440265 9.509769
23.221 23.220 13.463793 -3.5087025 8.802282
23.241 23.240 13.047202 -2.457648 7.6841903
23.261 23.260 12.939463 -0.19752164 6.7324953
23.281 23.280 13.341689 2.779668 6.4128695
23.301 23.300 14.306552 3.4524388 5.8705826
23.321 23.320 14.670471 3.6475663 5.3115363
23.341 23.340 14.565126 3.0657754 4.1000705
23.361 23.360 13.31655 3.9839516 3.6475663
23.381 23.380 11.368867 4.618415 3.300407
23.401 23.400 10.067618 4.068946 2.5809495
23.421 23.420 11.331757 2.9029696 1.0905589
23.441 23.440 11.901577 3.0226796 0.17357962
23.462 23.460 10.5704 3.1794999 0.40701428
23.481 23.480 8.543709 4.175488 2.468422
23.501 23.500 9.664195 0.39983168 0.79008657
23.521 23.520 11.905168 0.9900024 -0.11252748
23.541 23.540 11.007342 1.3838485 4.545392
23.561 23.560 8.582016 -0.973243 5.719748
23.581 23.580 3.9145198 -6.145916 1.3479356
23.601 23.600 0.748188 -9.8677025 -2.468422
23.621 23.620 1.2617443 -7.893683 -3.8522706
23.641 23.640 3.7481227 -5.115212 -1.685518
23.661 23.660 6.2021794 -4.8961425 -1.9440918
23.681 23.680 6.0980315 -6.88333 -2.8191724
23.702 23.700 5.877765 -7.704541 0.17357962
23.721 23.720 6.733692 -8.246828 1.3120226
23.744 23.740 7.36217 -9.962274 -0.80564886
23.761 23.760 8.384495 -8.756793 0.44771573
23.781 23.780 9.121908 -9.089587 3.1387985
23.801 23.800 8.677784 -9.736021 4.0282445
23.821 23.820 10.633847 -9.783905 1.2880806
23.841 23.840 12.273875 -9.372103 4.0773253
23.861 23.860 15.87236 -9.782708 5.9603653
23.881 23.880 19.783289 -10.226832 5.710171
23.901 23.900 22.225374 -8.281544 7.273585
23.921 23.920 20.446482 -7.4567413 12.600683
23.941 23.940 16.481684 -8.480263 15.929821
23.961 23.960 14.911088 -8.480263 13.900735
23.981 23.980 14.207192 -7.5800424 12.762292
24.002 24.000 14.662091 -6.075287 12.604275
24.021 24.020 15.734694 -3.8139634 12.070368
24.043 24.040 17.075447 -2.9041667 10.7751045
24.061 24.060 17.770962 -1.532289 10.69849
24.082 24.080 17.336414 -0.41299978 12.223597
24.101 24.100 16.584635 0.9911995 14.117411
24.121 24.120 17.043125 2.31639 14.6585
24.141 24.140 17.742231 2.0961237 13.623008
24.161 24.160 16.673222 0.19153613 10.875661
24.181 24.180 15.5275955 0.047884032 9.792285
24.201 24.200 13.494918 -0.10295067 7.27957
24.221 24.220 11.915942 1.5298948 6.6044054
24.241 24.240 11.44189 2.4157495 5.4779334
24.261 24.260 10.898406 3.5661635 4.3035774
24.281 24.280 9.3026705 2.8993783 3.1112652
24.301 24.300 8.137892 2.4073699 2.1296425
24.321 24.320 6.979098 2.1811178 1.3946224
24.343 24.340 5.949591 2.4145525 2.1428106
24.361 24.360 4.868609 1.3503298 3.1280246
24.381 24.380 3.1651347 1.3215994 4.39336
24.401 24.400 2.066196 -1.8100165 3.9001546
24.421 24.420 1.6340426 -3.8869865 1.6531962
24.441 24.440 2.1092918 -3.9719806 0.9720459
24.461 24.460 4.474763 -3.4859576 1.34195
24.481 24.480 6.2752028 -2.9616275 1.6089035
24.501 24.500 7.711724 -2.7988217 1.3575124
24.521 24.520 7.3178773 -3.4811692 1.2449849
24.541 24.540 6.417658 -5.011064 1.34195
24.561 24.560 5.997475 -6.291962 1.5071499
24.581 24.580 6.136339 -7.0832458 2.4851813
24.601 24.600 4.84347 -9.872491 3.8474822
24.622 24.620 4.0916905 -10.988189 3.2142158
24.640 24.640 1.8854338 -11.669339 1.4616601
24.660 24.660 0.37948096 -11.789049 -0.4333505
24.681 24.680 0.7445967 -10.867282 2.3020248
24.701 24.700 3.2968156 -10.758346 5.699397
24.721 24.720 5.7664347 -9.968259 7.3190746
24.741 24.740 8.283937 -10.436325 7.7464395
24.761 24.760 9.877279 -11.245565 7.8290396
24.780 24.780 10.648212 -12.211626 10.172963
24.800 24.800 10.594342 -13.710396 13.563152
24.820 24.820 7.60997 -13.782222 16.996437
24.841 24.840 6.7887588 -13.378799 17.45373
24.862 24.860 8.865729 -12.871228 17.889475
24.881 24.880 11.4837885 -12.075156 18.480843
24.901 24.900 11.984177 -8.426393 19.206285
24.921 24.920 10.195708 -4.003105 21.004332
24.941 24.940 7.955932 -3.0801406 21.35149
24.961 24.960 9.776723 -3.0609868 18.078617
24.981 24.980 11.845313 -2.0123265 16.068686
25.001 25.000 12.591106 1.3120226 14.302961
25.021 25.020 12.521675 4.0533834 12.935872
25.040 25.040 13.930662 4.805163 11.115082
25.060 25.060 14.440627 2.4911668 9.115923
25.080 25.080 12.389994 1.1875241 7.5189905
25.100 25.100 8.4587145 1.8028339 6.8402343
25.120 25.120 5.901707 3.3147724 6.3913217
25.141 25.140 6.5002575 2.56419 4.770447
25.161 25.160 7.6734166 3.3135753 5.8933277
25.181 25.180 6.1519012 2.31639 6.5241995
25.201 25.200 4.8937483 0.47046062 5.8119245
25.222 25.220 4.960786 -2.408567 6.671443
25.241 25.240 5.052963 -6.6546836 8.201338
25.261 25.260 5.2899885 -7.4483614 5.0721164
25.281 25.280 1.4927847 -11.761516 4.260482
25.301 25.300 1.8674773 -12.615048 0.7074866
25.322 25.320 5.353435 -9.9790325 3.7816415
25.341 25.340 10.967838 -10.177752 1.9452889
25.361 25.360 15.172056 -7.607576 -0.10654198
25.381 25.380 14.261063 -6.6546836 7.478289
25.401 25.400 14.113819 -8.438364 9.958682
25.421 25.420 15.179238 -7.548918 10.845734
25.441 25.440 16.402676 -6.3925185 10.988189
25.461 25.460 14.948198 -6.3422403 11.288661
25.481 25.480 17.134104 -2.9137435 8.234857
25.501 25.500 11.168951 -2.396596 10.638636
25.522 25.520 9.726444 -1.9357121 8.505402
25.541 25.540 12.643779 -0.022744916 2.0566192
25.561 25.560 8.968679 -2.207454 6.295553
25.581 25.580 6.0022635 -5.884948 6.381745
25.605 25.600 -4.0533834 -14.395138 5.374983
25.621 25.620 -11.358093 -21.766884 -0.8319851
25.641 25.640 -12.513295 -17.420212 2.480393
25.661 25.660 -9.585187 -16.729485 7.0245876
25.681 25.680 -7.419631 -15.850812 5.149928
25.701 25.700 -6.0142345 -16.881516 -0.9744401
25.721 25.720 -5.8717794 -17.679983 -5.4312468
25.741 25.740 -3.3854012 -16.114174 -7.6494746
25.761 25.760 -2.719813 -17.39986 -10.21965
25.781 25.780 -1.1216835 -15.485697 -6.885724
25.801 25.800 2.3870192 -12.316971 -0.58418524
25.821 25.820 7.349002 -15.101427 1.4281414
25.841 25.840 5.044583 -22.723368 -4.522647
25.861 25.860 0.04309563 -16.79772 1.8866309
25.881 25.880 -1.553837 -13.211205 6.8186865
25.904 25.900 -0.11851298 -10.596737 5.66947
25.921 25.920 3.739743 -9.248801 5.699397
25.941 25.940 6.791153 -8.446744 5.497087
25.961 25.960 7.795521 -9.022549 4.9775453
25.981 25.980 8.085219 -9.197326 5.088876
26.001 26.000 7.7189064 -9.141062 5.884948
26.021 26.020 7.6746135 -9.3421755 6.2285156
26.041 26.040 7.3873096 -10.109517 7.431602
26.061 26.060 7.265205 -10.207679 8.311471
26.081 26.080 7.086837 -10.463859 9.354146
26.101 26.100 7.3298483 -10.097546 10.332177
26.121 26.120 7.615956 -9.949105 9.67018
26.141 26.140 7.597999 -9.96347 8.974665
26.162 26.160 7.60997 -9.502586 9.081207
26.181 26.180 8.899248 -8.250419 9.476251
26.203 26.200 10.511743 -7.487866 8.543709
26.221 26.220 10.220847 -7.326257 6.9731126
26.241 26.240 8.537724 -6.50744 6.479907
26.261 26.260 7.240066 -5.4061074 6.5098343
26.281 26.280 9.628283 -6.179435 4.283227
26.301 26.300 11.394006 -4.689044 3.774459
26.321 26.320 9.685743 -2.5677812 6.1926026
26.341 26.340 5.8143187 -0.8846575 7.445967
26.361 26.360 6.6163764 -3.2860417 5.342661
26.381 26.380 6.4380083 -4.495114 3.015497
26.401 26.400 5.351041 -0.521936 5.4982843
26.421 26.420 4.3418846 -1.3263878 6.8749504
26.441 26.440 5.979519 -2.3104045 5.0900726
26.461 26.460 5.0900726 -0.41180268 5.8466406
26.482 26.480 4.629189 -0.9720459 5.567716
26.503 26.500 4.734534 -1.2964603 4.1240125
26.521 26.520 6.349423 -0.6619968 3.3207579
26.541 26.540 6.897695 0.48841715 6.716933
26.561 26.560 6.5206084 1.2437878 9.623494
26.581 26.580 8.550891 1.1420342 8.719683
26.601 26.600 11.602302 2.2529438 5.7520695
26.621 26.620 9.89763 1.9393034 5.85502
26.641 26.640 8.275558 1.2413936 6.1004257
26.661 26.660 8.042124 1.8914193 5.1319714
26.681 26.680 6.479907 1.8950106 5.685032
26.701 26.700 6.1183825 2.469619 6.0920463
26.721 26.720 6.367379 3.582923 6.585252
26.741 26.740 6.2009826 4.0054994 6.9826894
26.761 26.760 4.6136265 4.4184995 8.520964
26.784 26.780 4.4544125 4.619612 9.01776
26.801 26.800 5.0517654 5.019444 8.717288
26.821 26.820 5.171476 5.2564697 8.408437
26.841 26.840 5.3378725 5.3833623 8.110358
26.861 26.860 4.736928 5.055357 7.8410106
26.881 26.880 4.6902413 5.499481 7.1873937
26.901 26.900 3.9252937 5.66947 7.762002
26.921 26.920 4.629189 6.3063273 7.277176
26.941 26.940 4.3514614 6.363788 7.553706
26.961 26.960 4.554969 6.6534867 7.752425
26.981 26.980 4.259285 6.4008985 7.562086
27.001 27.000 4.2700586 6.007052 7.055712
27.021 27.020 3.2393548 5.4767365 7.7428484
27.041 27.040 4.1240125 6.469133 8.090008
27.061 27.060 2.7724855 5.9448028 9.435549
27.082 27.080 4.3167458 7.2089415 7.8386164
27.101 27.100 5.625177 7.015011 7.1993647
27.121 27.120 3.8630445 6.159084 8.408437
27.140 27.140 3.2345665 6.4906807 9.248801
27.160 27.160 2.5689783 5.957971 9.952697
27.180 27.180 2.1667526 4.987122 7.4986396
27.201 27.200 4.734534 6.9168487 6.7803793
27.221 27.220 4.841076 5.5509567 8.798691
27.241 27.240 3.9324763 6.691794 7.6410947
27.261 27.260 2.5474305 5.4025164 6.4260373
27.281 27.280 3.0119057 4.471172 8.070854
27.301 27.300 4.987122 5.386954 7.7368627
27.321 27.320 5.7724204 5.5162406 8.186973
27.341 27.340 5.731719 5.171476 7.6111674
27.361 27.360 5.616797 4.4304705 7.4028716
27.383 27.380 5.7305217 3.8714242 6.0262055
27.401 27.400 5.639542 4.498705 5.9878983
27.421 27.420 5.1379566 4.0054994 7.2089415
27.441 27.440 4.3502645 4.689044 6.6391215
27.461 27.460 4.453215 4.086902 6.7588315
27.481 27.480 4.175488 4.110844 6.4164605
27.501 27.500 3.9983168 4.2317514 6.5325794
27.521 27.520 4.5980644 4.6279917 6.6295447
27.541 27.540 4.8961425 4.630386 6.3709707
27.561 27.560 4.712986 4.4005427 6.0609217
27.581 27.580 4.6830587 4.4699745 6.3829417
27.601 27.600 4.76087 4.4101195 6.4966664
27.621 27.620 5.3486466 4.477157 7.2963295
27.641 27.640 4.6375685 3.9564183 7.0090256
27.661 27.660 3.4392707 3.9073372 6.1530986
27.682 27.680 3.2465374 3.3782187 7.393295
27.701 27.700 4.3035774 4.201824 7.4136457
27.721 27.720 4.3418846 4.3263226 7.8625584
27.741 27.740 4.0294414 3.9516299 7.301118
27.761 27.760 3.4847605 3.90614 7.189788
27.781 27.780 3.6020765 4.110844 7.5429325
27.801 27.800 3.4715924 4.426879 8.021772
27.821 27.820 3.503914 3.9983168 8.002619
27.841 27.840 3.3435028 3.7062242 8.333019
27.861 27.860 2.7700913 3.3315318 7.2221093
27.882 27.880 2.8538885 3.5194764 8.566454
27.901 27.900 2.956839 3.9264908 9.759963
27.921 27.920 2.9843724 3.4440591 8.790312
27.941 27.940 2.5677812 2.9041667 8.1642275
27.964 27.960 2.1511903 2.815581 8.209718
27.981 27.980 1.934515 2.6623523 8.716091
28.001 28.000 2.0338743 3.764882 9.424775
28.021 28.020 2.0937295 3.144784 8.949526
28.041 28.040 1.8243817 2.5941176 9.063251
28.061 28.060 1.3587095 2.3882163 8.908825
28.081 28.080 1.9285295 2.1068976 9.397242
28.101 28.100 2.0290859 2.2840683 9.682152
28.121 28.120 1.3563153 1.8734628 9.188946
28.141 28.140 1.3383588 1.6639702 9.360131
28.161 28.160 1.3192052 1.6077064 9.4535055
28.181 28.180 0.80684596 1.1791444 9.309854
28.202 28.200 0.37828386 1.1168951 9.765948
28.221 28.220 0.830788 1.5227122 10.757148
28.241 28.240 0.82240826 1.3742718 10.527305
28.263 28.260 0.36990416 1.0247183 9.791088
28.281 28.280 0.023942016 0.8415619 9.739613
28.301 28.300 0.16998832 1.0223241 10.401609
28.321 28.320 0.15801731 1.0821792 10.554838
28.341 28.340 -0.23942018 0.80804306 9.787497
28.361 28.360 -0.46926352 0.44771573 9.248801
28.381 28.380 -0.34237084 0.6787562 10.376471
28.401 28.400 -0.12449849 0.9660604 10.579977
28.421 28.420 -0.12808979 0.6607997 10.263943
28.441 28.440 -0.31364042 0.36990416 9.91439
28.461 28.460 -0.4177882 0.2765303 9.755175
28.481 28.480 -0.5434838 0.2645593 9.712079
28.501 28.500 -0.32920274 0.37708676 9.640253
28.521 28.520 -0.15203181 0.5279215 9.743204
28.541 28.540 -0.29448682 0.48003745 9.625888
28.562 28.560 -0.60812724 0.34955344 9.676167
28.581 28.580 -0.6919243 0.39264908 9.871294
28.601 28.600 -0.6943185 0.21188685 9.894038
28.621 28.620 -0.7553706 0.15801731 9.872491
28.641 28.640 -0.6344634 0.12210429 9.89763
28.661 28.660 -0.35194764 0.077811554 10.030508
28.681 28.680 -0.29209262 -0.039504327 10.081984
28.702 28.700 -0.427365 -0.12090719 10.086772
28.721 28.720 -0.25857377 0.039504327 10.02572
28.741 28.740 -0.2777274 -0.17956513 9.940725
28.761 28.760 -0.41180268 -0.04189853 10.108319
28.781 28.780 -0.50397944 0.06584055 9.946711
28.801 28.800 -0.51475334 0.045489833 9.860519
28.821 28.820 -0.5518635 0.10055647 9.811439
28.842 28.840 -0.5566519 0.10534488 9.774328
28.862 28.860 -0.6560113 0.11611878 9.7719345
28.881 28.880 -0.60932434 0.08738836 9.636662
28.901 28.900 -0.59974754 0.142455 9.736021
28.921 28.920 -0.6356605 0.09696517 9.759963
28.941 28.940 -0.62608373 0.039504327 9.888053
28.961 28.960 -0.50996494 0.06943185 9.895236
28.981 28.980 -0.3878607 0.007182605 9.837775
29.001 29.000 -0.31124622 -0.046686932 9.689334
29.021 29.020 -0.33997664 0.019153614 9.715671
29.041 29.040 -0.4177882 0.1316811 9.755175
29.061 29.060 -0.31483752 0.11851298 9.725247
29.081 29.080 -0.34955344 -0.011971008 9.648633
29.101 29.100 -0.4213795 0.03232172 9.738416
29.121 29.120 -0.32800564 0.093373865 9.700109
29.144 29.140 -0.4177882 0.14724341 9.528923
29.161 29.160 -0.46686932 0.18914193 9.688137
29.181 29.180 -0.49559975 0.18555063 9.639056
29.201 29.200 -0.4333505 0.19273324 9.611523
29.221 29.220 -0.4201824 0.23822308 9.7084875
29.241 29.240 -0.44771573 0.2885013 9.768343
29.261 29.260 -0.46567222 0.2657564 9.787497
29.281 29.280 -0.38187516 0.22505496 9.734824
29.301 29.300 -0.29807812 0.29448682 9.861717
29.321 29.320 -0.18794483 0.24181437 9.740809
29.341 29.340 -0.16160862 0.1592144 9.792285
29.361 29.360 -0.1352724 0.1592144 9.871294
29.382 29.380 -0.12210429 0.1448492 9.940725
29.401 29.400 -0.12449849 0.23104046 9.910798
29.421 29.420 -0.15322891 0.22744916 9.764751
29.443 29.440 -0.15322891 0.23104046 9.770737
29.461 29.460 -0.17956513 0.2837129 9.78989
29.481 29.480 -0.16400282 0.260968 9.749189
29.501 29.500 -0.1412579 0.31244332 9.665392
29.521 29.520 -0.04189853 0.2837129 9.7863
29.543 29.540 -0.01316811 0.23702596 9.694122
29.561 29.560 -0.02633622 0.24061728 9.792285
29.581 29.580 -0.045489833 0.3184288 9.676167
29.601 29.600 0.10654198 0.32441434 9.840169
29.621 29.620 0.06943185 0.24660277 9.703699
29.641 29.640 0.092176765 0.24181437 9.738416
29.661 29.660 0.11971009 0.36272156 9.728839
29.681 29.680 0.18076223 0.29209262 9.80665
29.701 29.700 0.10534488 0.25977087 9.640253
29.721 29.720 0.059855044 0.24660277 9.776723
29.742 29.740 0.20590134 0.32920274 9.692925
29.761 29.760 0.14963761 0.22744916 9.673772
29.781 29.780 0.11851298 0.29328972 9.673772
29.802 29.800 0.06464344 0.29568392 9.776723
29.821 29.820 0.047884032 0.22984336 9.677363
29.841 29.840 0.016759412 0.22385786 9.639056
29.861 29.860 0.053869538 0.30166942 9.725247
29.881 29.880 -0.047884032 0.2825158 9.742006
29.901 29.900 -0.034715924 0.33877954 9.813833
29.921 29.920 -0.023942016 0.31603462 9.76954
29.941 29.940 -0.011971008 0.37110126 9.731233
29.961 29.960 -0.07182605 0.36990416 9.835381
29.981 29.980 -0.08619126 0.37229836 9.810242
30.001 30.000 0.0047884034 0.32680854 9.7563715
30.021 30.020 0.051475335 0.29807812 9.7863
30.041 30.040 0.092176765 0.2896984 9.923966
30.061 30.060 0.10654198 0.2705448 9.935937
30.081 30.080 0.12210429 0.25258827 9.828198
30.101 30.100 0.12569559 0.21906945 9.831789
30.121 30.120 0.08379706 0.32920274 9.755175
30.141 30.140 0.12808979 0.25977087 9.779117
30.161 30.160 0.1436521 0.2777274 9.779117
30.181 30.180 0.08140286 0.23223756 9.698911
30.201 30.200 0.047884032 0.2908955 9.715671
30.221 30.220 0.047884032 0.29448682 9.749189
30.241 30.240 0.19512744 0.260968 9.7479925
30.261 30.260 0.088585466 0.19871874 9.67018
30.281 30.280 0.031124622 0.23942018 9.844957
30.301 30.300 -0.1448492 0.23942018 10.04607
30.323 30.320 0.2896984 0.1604115 9.090784
30.340 30.340 0.62728083 0.40462008 9.600749
30.360 30.360 0.2896984 0.47405192 9.913192
30.380 30.380 0.30406362 0.2896984 9.768343
30.400 30.400 0.30047232 0.2813187 9.773131
30.420 30.420 0.08259996 0.2681506 9.884461
30.440 30.440 0.09696517 0.19393034 9.92636
30.460 30.460 0.6631939 0.2705448 9.915586
