magnetometer.txt

All values are in micro-Tesla (uT). Factory calibration and temperature compensation are applied to this measurement
http://developer.android.com/guide/topics/sensors/sensors_overview.html

elapsed-time-system elapsed-time-sensor x y z estimated-bias-x estimated-bias-y estimated-bias-z
0.067 0.048 -26.9 -264.1 -144.09999 -44.8 -233.6 -14.7
0.069 0.068 -26.9 -264.1 -144.09999 -44.8 -233.6 -14.7
0.122 0.088 -60.9 -249.0 -53.600002 -44.8 -233.6 -14.7
0.122 0.108 -60.6 -249.1 -53.4 -44.8 -233.6 -14.7
0.128 0.128 -60.4 -249.0 -53.5 -44.8 -233.6 -14.7
0.154 0.148 -60.4 -249.20001 -53.4 -44.8 -233.6 -14.7
0.186 0.168 -60.3 -249.20001 -53.3 -44.8 -233.6 -14.7
0.188 0.188 -60.3 -249.20001 -53.3 -44.8 -233.6 -14.7
0.208 0.208 -60.3 -249.20001 -53.5 -44.8 -233.6 -14.7
0.228 0.228 -60.3 -249.3 -53.5 -44.8 -233.6 -14.7
0.248 0.248 -60.3 -249.3 -53.600002 -44.8 -233.6 -14.7
0.269 0.268 -60.3 -249.20001 -53.8 -44.8 -233.6 -14.7
0.288 0.288 -60.3 -249.20001 -53.7 -44.8 -233.6 -14.7
0.308 0.308 -60.199997 -249.1 -53.600002 -44.8 -233.6 -14.7
0.328 0.327 -60.199997 -249.1 -53.8 -44.8 -233.6 -14.7
0.348 0.347 -60.199997 -249.0 -53.8 -44.8 -233.6 -14.7
0.368 0.368 -60.199997 -249.0 -53.8 -44.8 -233.6 -14.7
0.388 0.388 -60.199997 -249.0 -53.8 -44.8 -233.6 -14.7
0.408 0.407 -60.1 -249.0 -53.7 -44.8 -233.6 -14.7
0.428 0.428 -60.1 -249.0 -53.7 -44.8 -233.6 -14.7
0.448 0.447 -60.199997 -249.1 -53.600002 -44.8 -233.6 -14.7
0.468 0.468 -60.199997 -249.1 -53.600002 -44.8 -233.6 -14.7
0.491 0.488 -60.199997 -249.1 -53.7 -44.8 -233.6 -14.7
0.515 0.508 -60.199997 -249.20001 -53.7 -44.8 -233.6 -14.7
0.528 0.528 -60.3 -249.3 -53.7 -44.8 -233.6 -14.7
0.548 0.547 -60.3 -249.40001 -53.7 -44.8 -233.6 -14.7
0.568 0.568 -60.3 -249.40001 -53.600002 -44.8 -233.6 -14.7
0.588 0.587 -60.3 -249.5 -53.600002 -44.8 -233.6 -14.7
0.608 0.607 -60.3 -249.6 -53.5 -44.8 -233.6 -14.7
0.628 0.628 -60.3 -249.70001 -53.5 -44.8 -233.6 -14.7
0.648 0.647 -60.4 -249.8 -53.5 -44.8 -233.6 -14.7
0.668 0.667 -60.4 -249.90001 -53.5 -44.8 -233.6 -14.7
0.688 0.688 -60.4 -250.1 -53.4 -44.8 -233.6 -14.7
0.708 0.707 -60.5 -250.20001 -53.4 -44.8 -233.6 -14.7
0.728 0.727 -60.5 -250.3 -53.4 -44.8 -233.6 -14.7
0.748 0.748 -60.6 -250.5 -53.4 -44.8 -233.6 -14.7
0.768 0.768 -60.699997 -250.6 -53.3 -44.8 -233.6 -14.7
0.788 0.787 -60.8 -250.70001 -53.3 -44.8 -233.6 -14.7
0.808 0.807 -61.0 -250.8 -53.100002 -44.8 -233.6 -14.7
0.828 0.828 -61.1 -250.90001 -53.100002 -44.8 -233.6 -14.7
0.851 0.848 -61.3 -251.0 -52.9 -44.8 -233.6 -14.7
0.868 0.868 -61.5 -251.1 -52.7 -44.8 -233.6 -14.7
0.888 0.888 -62.067 -251.264 -52.474 -44.8 -233.6 -14.7
0.908 0.908 -63.272 -251.481 -51.587 -44.8 -233.6 -14.7
0.928 0.928 -64.156 -251.77 -50.711002 -44.8 -233.6 -14.7
0.948 0.948 -64.679 -251.94301 -50.788002 -44.8 -233.6 -14.7
0.968 0.968 -65.66 -252.54501 -49.961002 -44.8 -233.6 -14.7
0.988 0.988 -66.127 -253.11801 -48.803 -44.8 -233.6 -14.7
1.008 1.008 -66.578 -253.264 -48.272 -44.8 -233.6 -14.7
1.028 1.028 -66.895 -253.156 -47.787003 -44.8 -233.6 -14.7
1.048 1.048 -67.725 -253.65001 -47.492 -44.8 -233.6 -14.7
1.068 1.068 -67.953995 -254.14401 -48.036 -44.8 -233.6 -14.7
1.088 1.088 -67.169 -254.203 -48.34 -44.8 -233.6 -14.7
1.108 1.108 -66.895996 -254.62401 -49.375 -44.8 -233.6 -14.7
1.128 1.128 -66.832 -254.763 -48.398003 -44.8 -233.6 -14.7
1.148 1.148 -66.078995 -254.783 -49.038002 -44.8 -233.6 -14.7
1.168 1.168 -66.767 -255.38301 -49.012 -44.8 -233.6 -14.7
1.188 1.188 -66.372 -255.296 -49.146 -44.8 -233.6 -14.7
1.208 1.208 -65.637 -255.528 -48.893 -44.8 -233.6 -14.7
1.228 1.228 -65.425 -256.364 -49.445 -44.8 -233.6 -14.7
1.248 1.248 -65.095 -256.573 -49.73 -44.8 -233.6 -14.7
1.268 1.268 -63.836998 -257.05402 -49.986 -44.8 -233.6 -14.7
1.288 1.288 -62.791 -257.893 -50.578 -44.8 -233.6 -14.7
1.309 1.308 -60.949997 -259.875 -50.369 -44.8 -233.6 -14.7
1.328 1.328 -58.824997 -261.639 -51.621002 -44.8 -233.6 -14.7
1.348 1.348 -55.898 -262.893 -51.894 -44.8 -233.6 -14.7
1.372 1.368 -50.104 -264.907 -50.843002 -44.8 -233.6 -14.7
1.388 1.388 -47.245 -266.456 -51.208 -44.8 -233.6 -14.7
1.408 1.408 -43.484 -267.156 -51.276 -44.8 -233.6 -14.7
1.428 1.427 -40.318 -267.105 -51.9 -44.8 -233.6 -14.7
1.448 1.448 -36.726997 -269.215 -50.751 -44.8 -233.6 -14.7
1.468 1.468 -33.985 -269.404 -49.556 -44.8 -233.6 -14.7
1.488 1.488 -31.004 -269.862 -48.943 -44.8 -233.6 -14.7
1.508 1.508 -29.136 -269.617 -48.933002 -44.8 -233.6 -14.7
1.528 1.528 -26.788 -269.387 -47.695 -44.8 -233.6 -14.7
1.548 1.548 -24.428999 -268.60602 -47.367 -44.8 -233.6 -14.7
1.568 1.568 -19.349998 -266.698 -45.48 -44.8 -233.6 -14.7
1.589 1.588 -15.271 -264.707 -46.675 -44.8 -233.6 -14.7
1.608 1.608 -12.979 -262.634 -43.877 -44.8 -233.6 -14.7
1.628 1.628 -12.875 -260.99802 -43.244 -44.8 -233.6 -14.7
1.649 1.648 -11.064999 -257.506 -43.537 -44.8 -233.6 -14.7
1.668 1.668 -8.723999 -254.99301 -43.822998 -44.8 -233.6 -14.7
1.688 1.688 -7.218998 -251.513 -43.493 -44.8 -233.6 -14.7
1.708 1.708 -7.2019997 -248.899 -41.001 -44.8 -233.6 -14.7
1.728 1.728 -6.748001 -246.81601 -44.098 -44.8 -233.6 -14.7
1.751 1.748 -7.262001 -245.334 -43.16 -44.8 -233.6 -14.7
1.768 1.768 -9.408001 -242.49901 -43.493 -44.8 -233.6 -14.7
1.788 1.788 -10.390999 -240.787 -45.985 -44.8 -233.6 -14.7
1.808 1.808 -10.855999 -239.253 -47.544003 -44.8 -233.6 -14.7
1.828 1.828 -12.512001 -238.27301 -46.924 -44.8 -233.6 -14.7
1.848 1.848 -14.087999 -237.584 -48.804 -44.8 -233.6 -14.7
1.868 1.868 -15.684 -238.218 -50.671 -44.8 -233.6 -14.7
1.888 1.888 -15.682999 -238.729 -50.351 -44.8 -233.6 -14.7
1.908 1.908 -18.685999 -239.57301 -51.291 -44.8 -233.6 -14.7
1.928 1.928 -19.710999 -240.68701 -53.451 -44.8 -233.6 -14.7
1.952 1.948 -23.028 -244.336 -53.456 -44.8 -233.6 -14.7
1.968 1.968 -26.046 -246.974 -53.469 -44.8 -233.6 -14.7
1.988 1.988 -27.799 -250.641 -55.081 -40.6 -247.3 -7.5
2.010 2.008 -30.550999 -252.42801 -54.801 -40.6 -247.3 -7.5
2.031 2.028 -34.211 -257.83002 -53.922 -40.6 -247.3 -7.5
2.048 2.048 -35.621 -260.574 -54.256 -40.6 -247.3 -7.5
2.068 2.068 -38.153 -263.509 -54.297 -40.6 -247.3 -7.5
2.089 2.088 -41.947998 -267.054 -51.343 -41.8 -243.385 -9.557
2.108 2.108 -44.044 -270.56598 -49.228 -41.8 -243.385 -9.557
2.128 2.128 -46.987 -272.798 -46.494 -41.8 -243.385 -9.557
2.149 2.148 -55.093998 -278.445 -41.312 -41.8 -243.385 -9.557
2.168 2.168 -59.045998 -280.151 -36.065 -41.8 -243.385 -9.557
2.188 2.188 -62.632004 -280.742 -31.666 -40.4 -247.5 -7.3
2.209 2.207 -67.096 -280.75 -27.002998 -40.4 -247.5 -7.3
2.228 2.228 -70.69701 -280.731 -22.936 -40.4 -247.5 -7.3
2.248 2.248 -74.484 -278.16602 -20.42 -40.4 -247.5 -7.3
2.268 2.268 -76.699005 -276.005 -14.148001 -40.4 -247.5 -7.3
2.288 2.288 -79.378006 -272.607 -10.055 -40.4 -247.5 -7.3
2.308 2.308 -81.72 -270.171 -7.8430004 -40.4 -247.5 -7.3
2.329 2.328 -82.954 -266.065 -4.3760004 -40.4 -247.5 -7.3
2.348 2.348 -86.497 -257.698 2.8450003 -40.4 -247.5 -7.3
2.368 2.368 -85.361 -251.841 3.8179998 -40.4 -247.5 -7.3
2.388 2.388 -86.229004 -246.838 5.7319994 -39.8 -246.9 -7.3
2.408 2.408 -85.696 -242.164 7.642 -39.8 -246.9 -7.3
2.428 2.428 -84.849 -238.631 7.9799995 -39.8 -246.9 -7.3
2.448 2.448 -84.753 -234.21399 6.1099997 -39.8 -246.9 -7.3
2.468 2.468 -84.177 -231.01799 6.443 -39.8 -246.9 -7.3
2.488 2.488 -82.446 -227.96199 5.8389997 -39.8 -246.9 -7.3
2.508 2.508 -82.332 -225.364 3.0290003 -39.8 -246.9 -7.3
2.528 2.528 -80.012 -219.458 2.7410002 -39.8 -246.9 -7.3
2.548 2.548 -77.681 -216.053 1.5100002 -39.8 -246.9 -7.3
2.568 2.568 -76.243 -214.50499 0.58599997 -39.8 -246.9 -7.3
2.588 2.588 -74.483 -212.6 -0.954 -39.5 -246.1 -7.4
2.608 2.608 -74.154 -211.725 -2.513 -39.5 -246.1 -7.4
2.628 2.628 -72.892 -209.955 -6.2660003 -39.5 -246.1 -7.4
2.649 2.648 -73.15 -209.923 -7.517 -39.5 -246.1 -7.4
2.669 2.668 -73.061005 -209.349 -10.333 -39.5 -246.1 -7.4
2.688 2.688 -72.137 -209.1 -13.139 -39.5 -246.1 -7.4
2.708 2.708 -71.761 -208.207 -15.951 -39.5 -246.1 -7.4
2.729 2.728 -70.225 -209.58401 -21.259 -39.5 -246.1 -7.4
2.748 2.748 -70.166 -210.68001 -24.066 -39.5 -246.1 -7.4
2.769 2.768 -70.64 -212.606 -27.809 -39.5 -246.1 -7.4
2.789 2.788 -70.005 -214.012 -31.236 -39.5 -246.2 -7.7
2.809 2.808 -68.531 -214.435 -34.014 -39.5 -246.2 -7.7
2.828 2.828 -67.373 -216.53299 -36.177 -39.5 -246.2 -7.7
2.848 2.848 -65.897 -217.442 -39.278 -39.5 -246.2 -7.7
2.868 2.868 -64.757996 -217.551 -40.193 -39.5 -246.2 -7.7
2.888 2.888 -64.198 -219.34999 -41.109 -39.5 -246.2 -7.7
2.909 2.908 -63.608 -220.773 -42.657 -39.5 -246.2 -7.7
2.928 2.928 -62.127 -225.793 -47.327 -39.5 -246.2 -7.7
2.948 2.948 -60.721 -227.58499 -48.272 -39.5 -246.2 -7.7
2.968 2.968 -60.412003 -228.86 -49.541 -39.5 -246.2 -7.7
2.988 2.988 -60.947 -231.819 -50.822002 -39.5 -246.2 -7.7
3.009 3.008 -59.861 -234.321 -50.539 -39.5 -246.2 -7.7
3.028 3.028 -59.02 -238.44 -52.119 -39.5 -246.2 -7.7
3.048 3.048 -58.448997 -242.547 -54.352997 -40.6 -245.8 -8.6
3.068 3.067 -57.690998 -247.256 -53.147003 -40.6 -245.8 -8.6
3.088 3.088 -56.006996 -251.396 -54.737 -40.6 -245.8 -8.6
3.108 3.108 -52.239998 -258.48 -52.263 -40.6 -245.8 -8.6
3.128 3.128 -51.092003 -260.82098 -53.556 -40.7 -244.9 -9.2
3.148 3.148 -47.989002 -263.001 -54.501 -40.7 -244.9 -9.2
3.168 3.168 -46.713 -266.291 -51.091 -40.7 -244.9 -9.2
3.188 3.188 -45.617 -268.17798 -50.801003 -40.7 -244.9 -9.2
3.208 3.208 -42.822002 -270.539 -50.806 -40.7 -244.9 -9.2
3.228 3.228 -39.73 -272.22 -51.429 -40.7 -244.9 -9.2
3.248 3.248 -36.445 -273.984 -48.908 -40.4 -245.8 -8.3
3.268 3.268 -30.909 -275.057 -46.373 -40.4 -245.8 -8.3
3.288 3.288 -27.288002 -275.781 -45.111 -40.4 -245.8 -8.3
3.308 3.308 -21.432001 -274.656 -42.887 -40.4 -245.8 -8.3
3.328 3.328 -18.580002 -272.341 -42.875 -40.4 -245.8 -8.3
3.348 3.348 -14.353001 -270.863 -41.913 -40.4 -245.8 -8.3
3.368 3.368 -11.569002 -268.749 -39.701 -40.4 -245.8 -8.3
3.388 3.388 -8.251003 -266.328 -36.241 -40.4 -245.8 -8.3
3.408 3.408 -5.637001 -262.637 -36.845 -40.4 -245.8 -8.3
3.428 3.428 -4.736 -259.143 -36.529 -40.4 -245.8 -8.3
3.448 3.448 -2.7080002 -254.97499 -36.203 -40.4 -245.9 -8.3
3.468 3.468 -2.149002 -251.68799 -34.313 -40.4 -245.9 -8.3
3.488 3.488 -1.5400009 -248.03299 -33.69 -40.4 -245.9 -8.3
3.508 3.508 -1.0790024 -240.801 -35.874 -40.4 -245.9 -8.3
3.528 3.528 -2.4480019 -237.313 -34.955 -40.9 -245.3 -9.4
3.548 3.548 -2.932003 -234.633 -35.582 -40.9 -245.3 -9.4
3.568 3.568 -3.446003 -231.814 -35.261 -40.9 -245.3 -9.4
3.588 3.588 -4.7510033 -229.123 -36.521 -40.9 -245.3 -9.4
3.608 3.608 -6.3910027 -227.123 -36.525 -40.9 -245.3 -9.4
3.628 3.628 -8.791 -226.238 -39.352997 -40.9 -245.3 -9.4
3.648 3.648 -10.963999 -225.056 -40.295 -40.8 -245.4 -8.7
3.668 3.668 -13.188999 -224.575 -39.999 -41.1 -245.8 -9.1
3.688 3.688 -15.299002 -224.825 -43.752 -40.914 -245.385 -9.257
3.708 3.708 -15.264002 -224.63899 -44.063 -40.914 -245.385 -9.257
3.728 3.728 -16.36 -227.44499 -45.624 -40.914 -245.385 -9.257
3.748 3.748 -17.388002 -229.86299 -49.054 -40.914 -245.385 -9.257
3.768 3.768 -17.429 -232.864 -48.426 -40.914 -245.385 -9.257
3.788 3.788 -19.036 -236.309 -51.225 -41.1 -245.8 -9.1
3.808 3.808 -20.442001 -239.448 -51.537 -40.914 -245.385 -9.257
3.828 3.828 -20.417002 -242.73 -52.754 -40.914 -245.385 -9.257
3.848 3.848 -21.796001 -245.676 -53.359 -40.914 -245.385 -9.257
3.868 3.868 -24.034002 -249.14499 -53.058 -40.914 -245.385 -9.257
3.888 3.888 -27.468002 -256.73898 -51.827 -40.914 -245.385 -9.257
3.908 3.908 -29.145 -260.655 -52.459 -40.914 -245.385 -9.257
3.928 3.928 -32.031002 -265.479 -50.953 -40.914 -245.385 -9.257
3.948 3.948 -34.412 -269.192 -48.514 -41.0 -245.2 -9.4
3.968 3.968 -37.608 -273.426 -47.623 -41.0 -245.6 -8.9
3.988 3.988 -42.053 -277.62 -42.709 -41.0 -245.6 -8.9
4.008 4.008 -46.419 -280.93 -41.190002 -41.0 -245.6 -8.9
4.028 4.028 -50.63 -283.851 -35.618 -41.0 -245.6 -8.9
4.048 4.048 -56.721 -284.721 -31.892 -41.0 -245.6 -8.9
4.068 4.068 -67.783005 -283.454 -21.311 -41.0 -245.6 -8.9
4.088 4.088 -72.503 -279.824 -15.353 -41.0 -245.6 -8.9
4.108 4.108 -77.121 -275.95 -12.212999 -41.0 -245.6 -8.9
4.128 4.128 -81.514 -270.273 -6.2479997 -41.0 -245.6 -8.9
4.148 4.148 -84.410995 -264.668 -3.0889997 -41.0 -245.6 -8.9
4.168 4.168 -85.558 -259.17102 -1.5050006 -40.8 -245.6 -9.1
4.188 4.188 -87.554 -254.363 0.06799984 -40.8 -245.6 -9.1
4.208 4.208 -86.741 -250.862 1.6659994 -40.8 -245.6 -9.1
4.228 4.228 -86.499 -248.054 3.2529993 -40.8 -245.6 -9.1
4.248 4.248 -87.305 -245.85 2.3239994 -40.8 -245.6 -9.1
4.268 4.268 -86.946 -240.445 1.7089996 -40.8 -245.6 -9.1
4.290 4.288 -86.108 -237.276 2.665 -40.8 -245.6 -9.1
4.310 4.308 -86.630005 -234.07701 2.356 -40.8 -245.6 -9.1
4.328 4.328 -85.45 -231.195 1.4299994 -40.8 -245.6 -9.1
4.349 4.348 -85.412 -229.15901 0.8129997 -40.8 -245.6 -9.1
4.368 4.368 -84.488 -226.42801 -1.0479999 -40.6 -245.8 -7.2
4.388 4.388 -84.153 -225.196 -2.6239996 -41.1 -245.4 -9.4
4.408 4.408 -81.847 -222.65399 -3.5419998 -41.1 -245.4 -9.4
4.428 4.428 -82.313995 -220.581 -6.0579996 -41.1 -245.4 -9.4
4.448 4.448 -81.994995 -219.392 -6.9839997 -41.1 -245.4 -9.4
4.468 4.468 -79.572 -217.24199 -11.990999 -41.1 -245.4 -9.4
4.488 4.488 -77.050995 -215.07999 -11.018999 -41.1 -245.4 -9.4
4.508 4.508 -76.655 -214.15 -14.462 -41.1 -245.4 -9.4
4.528 4.528 -75.465 -212.76599 -16.325 -41.1 -245.4 -9.4
4.548 4.548 -73.526 -212.105 -15.667999 -41.1 -245.4 -9.4
4.568 4.568 -72.863 -211.545 -18.448 -39.7 -246.2 -6.4
4.588 4.588 -71.976 -211.172 -20.302 -39.7 -246.2 -6.4
4.608 4.608 -71.408005 -209.992 -20.588 -39.7 -246.2 -6.4
4.628 4.628 -69.945 -209.93 -23.052 -39.7 -246.2 -6.4
4.648 4.648 -67.628 -208.69 -25.824999 -39.7 -246.2 -6.4
4.668 4.668 -67.112 -209.041 -25.171 -39.7 -246.2 -6.4
4.688 4.688 -66.455 -209.108 -28.574999 -39.7 -246.2 -6.4
4.708 4.708 -65.61 -209.899 -29.480999 -39.7 -246.2 -6.4
4.728 4.728 -65.291 -209.518 -30.709 -39.7 -246.2 -6.4
4.748 4.748 -63.300003 -210.435 -32.56 -39.7 -246.2 -6.4
4.768 4.768 -63.532 -210.54 -34.113 -39.7 -246.2 -6.4
4.788 4.788 -62.958 -211.986 -35.05 -39.7 -246.2 -6.4
4.808 4.808 -62.325 -212.237 -37.535 -39.7 -246.2 -6.4
4.828 4.828 -62.123 -213.863 -36.98 -41.1 -245.6 -9.3
4.848 4.848 -60.635998 -216.37701 -41.301 -41.1 -245.6 -9.3
4.868 4.868 -60.593998 -217.80801 -42.856 -41.1 -245.6 -9.3
4.888 4.888 -60.546997 -219.541 -45.035 -41.1 -245.6 -9.3
4.908 4.908 -59.403 -222.12001 -46.895 -41.1 -245.6 -9.3
4.928 4.928 -59.095 -225.01201 -48.772 -41.1 -245.6 -9.3
4.948 4.948 -57.425 -227.927 -50.022 -41.1 -245.6 -9.3
4.969 4.968 -57.694 -232.02101 -50.995 -41.1 -245.6 -9.3
4.988 4.988 -58.163 -234.774 -53.819 -41.1 -245.6 -9.3
5.008 5.008 -57.649002 -238.897 -53.569 -41.2 -245.2 -9.2
5.028 5.028 -55.711 -240.566 -53.62 -41.2 -245.2 -9.2
5.048 5.048 -53.769 -244.37 -54.588 -41.2 -245.2 -9.2
5.068 5.068 -52.313 -245.547 -56.195 -41.2 -245.2 -9.2
5.088 5.087 -51.190002 -246.096 -55.928 -41.2 -245.2 -9.2
5.108 5.108 -51.173 -249.603 -56.912003 -41.2 -245.2 -9.2
5.128 5.128 -48.988 -252.827 -56.014 -41.2 -245.2 -9.2
5.148 5.148 -46.507 -256.201 -56.051003 -41.2 -245.2 -9.2
5.168 5.168 -44.56 -257.937 -55.452 -41.2 -245.2 -9.2
5.188 5.188 -43.396 -260.604 -57.34 -41.2 -245.2 -9.2
5.208 5.208 -40.093 -262.707 -55.466 -40.6 -245.8 -8.7
5.228 5.228 -34.392 -268.499 -51.719 -40.6 -245.8 -8.7
5.248 5.248 -30.804998 -270.075 -50.166 -41.1 -245.7 -9.5
5.268 5.268 -27.817999 -272.542 -47.037 -41.1 -245.7 -9.5
5.288 5.288 -25.828 -273.25 -47.034 -41.1 -245.7 -9.5
5.308 5.308 -21.098999 -271.673 -44.505 -41.1 -245.7 -9.5
5.328 5.328 -15.555998 -272.41998 -41.971 -41.1 -245.7 -9.5
5.348 5.348 -10.865999 -270.548 -37.556 -41.1 -245.7 -9.5
5.368 5.368 -5.0550003 -268.166 -32.817 -41.1 -245.7 -9.5
5.388 5.388 -2.829998 -264.096 -29.349 -41.1 -245.7 -9.5
5.409 5.408 -0.08200073 -260.862 -24.93 -40.0 -245.9 -8.6
5.428 5.428 3.5349998 -252.142 -18.943 -40.0 -245.9 -8.6
5.448 5.448 4.9070015 -245.745 -13.587 -40.0 -245.9 -8.6
5.468 5.468 4.0110016 -240.35599 -8.233001 -40.0 -245.9 -8.6
5.488 5.488 2.9700012 -234.69199 -6.9660006 -40.0 -245.9 -8.6
5.508 5.508 2.2120018 -229.834 -6.6310005 -40.0 -245.9 -8.6
5.528 5.528 0.61299896 -224.47 -6.6289997 -41.8 -245.8 -10.7
5.548 5.548 -2.729 -220.32 -4.428 -41.8 -245.8 -10.7
5.568 5.568 -3.8339996 -216.821 -2.8319998 -41.8 -245.8 -10.7
5.588 5.588 -6.5319977 -214.087 -4.713 -41.8 -245.8 -10.7
5.608 5.608 -8.0929985 -210.339 -6.588 -41.8 -245.8 -10.7
5.628 5.628 -10.4019985 -207.843 -12.249 -41.8 -245.8 -10.7
5.648 5.648 -12.375 -206.358 -11.312 -41.8 -245.8 -10.7
5.668 5.668 -14.020002 -206.49399 -12.248 -41.4 -245.7 -10.0
5.688 5.688 -13.942001 -205.431 -14.123 -41.4 -245.7 -10.0
5.708 5.708 -15.214001 -205.831 -18.204 -41.4 -245.7 -10.0
5.728 5.728 -15.939001 -205.586 -21.66 -41.4 -245.7 -10.0
5.748 5.748 -15.961002 -206.265 -21.027 -41.4 -245.7 -10.0
5.768 5.768 -16.757002 -205.892 -22.279 -41.4 -245.7 -10.0
5.788 5.788 -16.976002 -206.187 -24.153 -41.4 -245.7 -10.0
5.808 5.808 -16.550001 -208.901 -29.477 -41.4 -245.7 -10.0
5.828 5.828 -17.304 -211.98999 -33.549 -41.4 -245.7 -10.0
5.848 5.848 -17.265001 -214.293 -35.416 -41.4 -245.7 -10.0
5.868 5.868 -16.671 -216.423 -36.965 -41.5 -245.6 -10.4
5.888 5.888 -16.59 -219.18001 -40.381 -41.5 -245.6 -10.4
5.908 5.908 -15.937 -221.74301 -44.094 -41.5 -245.6 -10.4
5.928 5.928 -17.327 -225.526 -45.637 -41.5 -245.6 -10.4
5.948 5.948 -18.135 -229.278 -47.792 -41.5 -245.6 -10.4
5.968 5.968 -20.059 -233.18901 -50.263 -41.5 -245.6 -10.4
5.988 5.988 -20.897 -236.628 -51.815002 -41.5 -245.6 -10.4
6.008 6.008 -27.612 -246.188 -55.624 -41.5 -245.6 -10.4
6.028 6.028 -30.560999 -251.10101 -54.717003 -43.3 -246.6 -7.4
6.048 6.048 -34.295998 -256.164 -54.819 -43.3 -246.6 -7.4
6.068 6.068 -37.813 -261.45102 -53.349003 -43.3 -246.6 -7.4
6.088 6.088 -41.049 -265.74402 -51.868 -43.3 -246.6 -7.4
6.108 6.108 -45.148 -270.729 -49.762 -43.3 -246.6 -7.4
6.128 6.128 -46.782997 -274.09702 -44.507 -41.3 -245.6 -9.8
6.149 6.148 -50.288 -277.237 -42.668 -41.3 -245.6 -9.8
6.168 6.168 -51.958 -281.453 -37.056 -41.3 -245.6 -9.8
6.188 6.187 -53.803 -283.436 -33.625 -41.3 -245.6 -9.8
6.208 6.208 -58.179 -287.802 -22.347 -41.3 -245.6 -9.8
6.228 6.228 -60.435 -289.394 -14.801001 -41.9 -246.5 -7.8
6.248 6.248 -61.144 -289.025 -10.713 -41.9 -246.5 -7.8
6.268 6.268 -62.774002 -288.711 -4.117 -41.9 -246.5 -7.8
6.289 6.288 -64.104004 -286.547 2.7889996 -41.8 -245.2 -10.0
6.309 6.308 -65.583 -284.117 5.625 -41.8 -245.2 -10.0
6.329 6.328 -66.047 -280.76898 12.242001 -41.8 -245.2 -10.0
6.349 6.348 -67.543 -277.01898 16.343 -41.8 -245.2 -10.0
6.369 6.368 -68.997 -273.066 18.862 -41.8 -245.2 -10.0
6.389 6.388 -69.378 -263.481 25.799 -41.8 -245.2 -10.0
6.408 6.408 -69.111 -258.666 28.022 -41.8 -245.2 -10.0
6.428 6.428 -68.58 -253.363 31.194 -40.9 -245.3 -7.5
6.448 6.448 -69.067 -247.798 30.889 -40.9 -245.3 -7.5
6.468 6.468 -68.171005 -244.252 30.592 -40.9 -245.3 -7.5
6.488 6.488 -67.852005 -240.058 30.922 -40.9 -245.3 -7.5
6.508 6.508 -68.059006 -236.669 29.668999 -40.9 -245.3 -7.5
6.529 6.528 -68.592 -233.30699 29.671001 -42.4 -244.7 -9.3
6.549 6.548 -69.923004 -230.912 27.781002 -42.4 -244.7 -9.3
6.570 6.568 -68.672 -226.65399 25.592 -41.4 -245.7 -9.3
6.588 6.588 -70.718 -220.509 21.187 -41.4 -245.7 -9.3
6.608 6.608 -71.152 -219.068 17.409 -41.4 -245.7 -9.3
6.628 6.628 -69.001 -214.765 13.342999 -41.4 -245.7 -9.3
6.649 6.648 -70.597 -213.36499 10.8289995 -41.4 -245.7 -9.3
6.669 6.668 -71.884 -212.282 7.0549994 -41.4 -245.7 -9.3
6.688 6.688 -71.969 -209.957 1.7229996 -41.4 -245.7 -9.3
6.708 6.708 -71.278 -209.022 -2.336 -41.4 -245.7 -9.3
6.728 6.728 -71.113 -208.222 -7.36 -41.4 -245.7 -9.3
6.748 6.748 -70.998 -207.798 -11.110001 -41.4 -245.7 -9.3
6.768 6.768 -69.692 -208.474 -17.065 -41.4 -245.7 -9.3
6.788 6.788 -67.114 -210.364 -28.654001 -41.1 -245.4 -8.6
6.808 6.808 -65.588 -212.07199 -33.359 -41.1 -245.4 -8.6
6.829 6.828 -62.373 -213.109 -37.42 -39.7 -244.7 -8.4
6.848 6.848 -60.885002 -214.856 -40.871002 -39.7 -244.7 -8.4
6.868 6.868 -59.416 -218.608 -44.326996 -39.7 -244.7 -8.4
6.889 6.888 -57.072 -222.163 -48.730003 -39.7 -244.7 -8.4
6.908 6.908 -55.919 -226.116 -51.25 -39.7 -244.7 -8.4
6.928 6.928 -53.394 -230.599 -52.82 -39.7 -244.7 -8.4
6.948 6.948 -51.414 -234.728 -55.037003 -39.7 -244.7 -8.4
6.969 6.968 -46.642002 -241.036 -56.911003 -39.7 -244.7 -8.4
6.989 6.988 -45.028 -243.90901 -55.991 -41.6 -245.6 -9.3
7.008 7.008 -43.043 -246.733 -56.935 -39.971 -244.828 -8.528
7.033 7.028 -41.362003 -249.89299 -57.897003 -39.4 -244.9 -8.9
7.049 7.048 -39.477 -252.956 -56.014 -39.4 -244.9 -8.9
7.068 7.068 -37.025 -256.347 -54.764 -39.4 -244.9 -8.9
7.088 7.088 -35.09 -260.535 -55.083 -39.4 -244.9 -8.9
7.109 7.108 -32.370003 -263.443 -52.887 -39.4 -244.9 -8.9
7.128 7.128 -29.671001 -266.857 -50.361 -39.4 -244.9 -8.9
7.148 7.148 -27.548 -270.787 -47.536003 -39.4 -244.9 -8.9
7.169 7.168 -20.058002 -277.732 -37.429 -39.4 -244.9 -8.9
7.189 7.188 -16.796001 -279.655 -33.956 -39.4 -244.9 -8.9
7.208 7.208 -13.515001 -279.422 -30.173 -39.4 -244.9 -8.9
7.229 7.228 -8.568998 -277.513 -25.113998 -40.3 -245.2 -8.8
7.249 7.248 -3.6160011 -275.61 -20.054 -40.3 -245.2 -8.8
7.269 7.268 -3.183998 -274.402 -15.022 -40.3 -245.2 -8.8
7.288 7.288 -2.1170006 -271.802 -11.241 -40.3 -245.2 -8.8
7.308 7.308 0.54999924 -268.587 -4.934 -40.3 -245.2 -8.8
7.331 7.328 1.3790016 -264.625 -2.4110003 -40.3 -245.2 -8.8
7.348 7.348 2.8030014 -260.643 -0.51500034 -40.3 -245.2 -8.8
7.368 7.368 2.4700012 -252.886 4.8219995 -40.3 -245.2 -8.8
7.389 7.388 2.4589996 -247.752 7.6500006 -41.5 -245.5 -9.3
7.408 7.408 0.48799896 -244.938 9.22 -41.5 -245.5 -9.3
7.429 7.428 -0.03099823 -240.612 10.488001 -41.0 -245.3 -8.5
7.449 7.448 -1.7319984 -235.824 13.316 -42.1 -246.1 -9.4
7.468 7.468 -2.771 -231.27701 13.003 -42.1 -246.1 -9.4
7.488 7.488 -4.407997 -226.598 13.634001 -42.1 -246.1 -9.4
7.509 7.508 -6.9589996 -223.30801 16.154001 -42.1 -246.1 -9.4
7.528 7.528 -10.285999 -219.619 16.141 -42.1 -246.1 -9.4
7.549 7.548 -14.975998 -214.06801 15.811001 -42.1 -246.1 -9.4
7.568 7.568 -16.280998 -210.66101 13.931 -42.1 -246.1 -9.4
7.589 7.588 -19.652998 -209.67801 14.554001 -42.1 -246.1 -9.4
7.610 7.608 -20.679998 -207.761 12.353001 -42.1 -246.1 -9.4
7.631 7.628 -21.449999 -205.539 10.797001 -42.1 -246.1 -9.4
7.649 7.648 -21.374998 -204.647 9.23 -42.1 -246.1 -9.4
7.668 7.668 -22.721998 -204.274 7.344 -42.1 -246.1 -9.4
7.689 7.688 -23.779 -203.069 5.776 -42.1 -246.1 -9.4
7.708 7.708 -24.498 -200.809 2.9570007 -42.1 -246.1 -9.4
7.729 7.728 -25.737999 -199.35901 -1.4289999 -41.3 -245.3 -9.5
7.748 7.748 -29.542 -199.107 -5.535 -41.3 -245.3 -9.5
7.769 7.768 -30.043999 -198.892 -7.092 -41.3 -245.3 -9.5
7.788 7.788 -30.376 -198.546 -14.309 -41.3 -245.3 -9.5
7.808 7.808 -32.76 -199.766 -19.332 -41.3 -245.3 -9.5
7.828 7.828 -32.887 -199.48401 -24.024 -41.3 -245.1 -9.2
7.848 7.848 -34.8 -201.09401 -26.539001 -41.3 -245.1 -9.2
7.868 7.868 -37.772 -204.147 -31.877998 -41.3 -245.1 -9.2
7.888 7.888 -42.142998 -207.531 -37.231 -41.3 -245.1 -9.2
7.912 7.908 -47.661 -211.935 -42.616 -41.3 -245.1 -9.2
7.928 7.928 -52.415 -217.54701 -46.43 -41.3 -245.1 -9.2
7.949 7.948 -65.031 -233.51001 -46.253002 -41.3 -245.1 -9.2
7.969 7.968 -70.283005 -240.612 -45.686 -44.2 -247.0 -7.0
7.988 7.988 -73.942 -248.809 -41.366 -44.2 -247.0 -7.0
8.009 8.008 -76.39 -254.764 -39.22 -44.2 -247.0 -7.0
8.029 8.028 -77.54401 -261.153 -33.283 -44.2 -247.0 -7.0
8.048 8.048 -77.798996 -266.504 -28.586 -44.2 -247.0 -7.0
8.068 8.068 -76.618 -271.489 -24.51 -44.2 -247.0 -7.0
8.088 8.088 -75.9 -275.422 -22.942001 -44.2 -247.0 -7.0
8.108 8.108 -73.337 -279.106 -16.946999 -44.2 -247.0 -7.0
8.129 8.128 -69.168 -284.691 -8.741 -44.2 -247.0 -7.0
8.150 8.148 -66.009 -286.359 -2.736 -44.2 -247.0 -7.0
8.169 8.168 -61.945 -288.326 1.9980001 -40.9 -245.3 -9.3
8.188 8.188 -57.587 -288.609 6.7559996 -40.9 -245.3 -9.3
8.211 8.208 -53.732002 -289.019 9.307 -40.9 -245.3 -9.3
8.228 8.228 -48.752003 -287.425 13.120999 -40.9 -245.3 -9.3
8.249 8.248 -44.955 -285.69 18.511 -41.2 -245.3 -8.9
8.268 8.268 -41.634 -282.23 22.009 -41.2 -245.3 -8.9
8.288 8.288 -38.063 -277.97202 27.08 -41.2 -245.3 -8.9
8.309 8.308 -34.74 -274.012 30.896002 -41.2 -245.3 -8.9
8.328 8.328 -29.585001 -264.437 32.513 -41.2 -245.3 -8.9
8.349 8.348 -26.748001 -259.598 34.111 -41.2 -245.3 -8.9
8.369 8.368 -23.594 -256.383 33.83 -41.5 -245.3 -8.3
8.388 8.388 -23.007 -253.028 34.462 -41.5 -245.3 -8.3
8.408 8.408 -23.853 -250.379 35.721 -41.5 -245.3 -8.3
8.428 8.428 -24.382 -248.696 35.099 -41.5 -245.3 -8.3
8.449 8.448 -25.22 -247.19301 35.412003 -41.5 -245.3 -8.3
8.468 8.468 -25.152 -245.988 33.835 -41.5 -245.3 -8.3
8.488 8.488 -25.125 -242.81601 34.159 -41.5 -245.3 -8.3
8.513 8.508 -24.5 -238.938 33.857002 -41.5 -245.3 -8.3
8.528 8.528 -27.275 -233.938 34.47 -41.5 -245.3 -8.3
8.548 8.548 -28.088001 -233.091 34.162003 -41.5 -245.3 -8.3
8.569 8.568 -27.230999 -231.759 34.171 -41.5 -245.3 -8.3
8.589 8.588 -26.571999 -229.701 32.303 -41.5 -245.3 -8.3
8.608 8.608 -27.709 -228.071 33.564 -41.5 -245.3 -8.3
8.629 8.628 -28.2 -224.862 32.622 -41.5 -245.3 -8.3
8.649 8.648 -28.064 -221.604 29.806 -41.5 -245.3 -8.3
8.669 8.668 -29.966 -219.59601 29.175 -41.0 -245.3 -9.3
8.689 8.688 -30.175 -218.386 27.612 -41.0 -245.3 -9.3
8.708 8.708 -32.858 -213.668 25.723999 -41.0 -245.3 -9.3
8.729 8.728 -34.134 -212.263 22.600998 -41.0 -245.3 -9.3
8.749 8.748 -36.031 -209.906 21.971 -41.0 -245.3 -9.3
8.768 8.768 -37.57 -207.00601 19.154999 -41.0 -245.3 -9.3
8.788 8.788 -39.729 -206.301 17.272 -41.0 -245.3 -9.3
8.809 8.808 -41.808 -203.382 13.829999 -41.0 -245.3 -9.3
8.828 8.828 -42.497 -201.27701 10.092999 -41.0 -245.3 -9.3
8.848 8.848 -44.036 -200.508 6.3459997 -41.0 -245.3 -9.3
8.868 8.868 -45.054 -199.43001 3.8479996 -41.0 -245.3 -9.3
8.889 8.888 -47.694 -198.468 -0.849 -41.0 -245.3 -9.3
8.908 8.908 -51.96 -199.093 -8.071 -41.0 -245.3 -9.3
8.928 8.928 -54.420998 -199.494 -10.942 -41.0 -245.3 -9.3
8.948 8.948 -57.105 -201.49701 -16.318 -41.0 -245.3 -9.3
8.968 8.968 -61.172 -203.004 -22.657001 -41.0 -245.3 -9.3
8.988 8.988 -60.557 -205.212 -26.470001 -41.0 -245.3 -9.3
9.009 9.008 -59.315002 -207.70401 -32.778 -41.0 -245.3 -9.3
9.029 9.028 -58.325 -210.197 -39.728 -41.0 -245.3 -9.3
9.049 9.048 -55.477 -214.438 -43.52 -41.0 -245.3 -9.3
9.069 9.068 -54.575 -219.172 -48.273003 -41.0 -245.2 -9.4
9.091 9.088 -54.622 -230.985 -52.418 -41.0 -245.2 -9.4
9.108 9.108 -52.396 -237.62999 -54.964996 -41.0 -245.2 -9.4
9.128 9.128 -52.19 -244.502 -55.961998 -41.0 -245.2 -9.4
9.148 9.148 -49.767 -250.924 -55.363 -41.0 -245.2 -9.4
9.168 9.168 -47.301 -257.121 -56.328003 -41.0 -245.2 -9.4
9.189 9.188 -44.039 -262.378 -54.764 -41.0 -245.2 -9.4
9.209 9.208 -41.359 -267.815 -52.886 -41.0 -245.2 -9.4
9.229 9.228 -36.767 -273.462 -48.787003 -41.0 -245.2 -9.4
9.248 9.248 -32.461 -277.452 -44.056 -41.0 -245.2 -9.4
9.268 9.268 -26.989 -279.899 -39.628998 -41.0 -245.2 -9.4
9.288 9.288 -15.945 -280.397 -32.004997 -41.0 -245.2 -9.4
9.310 9.308 -9.84 -278.128 -27.56 -41.0 -245.2 -9.4
9.329 9.328 -6.2400017 -275.359 -24.078 -41.0 -245.2 -9.4
9.348 9.348 -3.9160004 -270.477 -23.758 -41.0 -245.2 -9.4
9.368 9.368 -1.9300003 -268.13998 -23.118 -41.0 -245.2 -9.4
9.389 9.388 -0.28300095 -264.857 -19.962 -41.0 -245.2 -9.4
9.408 9.408 0.0 -262.857 -19.342 -41.0 -245.2 -9.4
9.428 9.428 3.6949997 -258.668 -18.373 -41.0 -245.2 -9.4
9.448 9.448 4.031002 -254.134 -18.061 -42.3 -245.8 -9.4
9.468 9.468 5.1380005 -249.33 -15.231999 -42.3 -245.8 -9.4
9.489 9.488 4.9990005 -239.244 -15.2369995 -41.2 -245.2 -9.3
9.508 9.508 3.901001 -234.241 -13.989 -41.2 -245.2 -9.3
9.528 9.528 2.7919998 -229.739 -12.433001 -41.2 -245.2 -9.3
9.548 9.548 1.158001 -225.733 -12.4470005 -41.2 -245.2 -9.3
9.569 9.568 -0.8010025 -221.263 -10.264 -41.2 -245.2 -9.3
9.589 9.588 -2.670002 -217.20999 -11.536 -41.2 -245.2 -9.3
9.609 9.608 -4.9190025 -214.07901 -9.969 -41.9 -246.6 -8.4
9.629 9.628 -7.4610023 -210.787 -8.098 -41.9 -246.6 -8.4
9.648 9.648 -9.982002 -208.297 -7.1679997 -41.9 -246.6 -8.4
9.669 9.668 -13.047998 -205.129 -6.255 -41.8 -245.3 -9.7
9.691 9.688 -19.997 -201.765 -7.5439997 -41.8 -245.3 -9.7
9.709 9.708 -22.74 -201.389 -9.438 -41.8 -245.3 -9.7
9.728 9.728 -23.824999 -199.86101 -9.755 -41.8 -245.3 -9.7
9.749 9.748 -25.703999 -199.463 -12.276 -41.8 -245.3 -9.7
9.769 9.768 -28.993 -198.739 -14.797 -41.8 -245.3 -9.7
9.788 9.788 -30.833 -198.15201 -18.262001 -41.8 -245.3 -9.7
9.808 9.808 -33.854 -198.767 -20.783 -41.8 -245.3 -9.7
9.829 9.828 -34.065 -199.20401 -22.977001 -41.8 -245.3 -9.7
9.848 9.848 -35.922 -200.612 -27.065998 -41.8 -245.3 -9.7
9.869 9.868 -38.333 -202.525 -31.470001 -41.8 -245.3 -9.7
9.888 9.888 -41.600998 -203.442 -35.251 -41.8 -245.3 -9.7
9.909 9.908 -43.553 -206.755 -37.142 -42.0 -245.2 -9.1
9.928 9.928 -47.139 -209.84799 -40.616 -42.0 -245.2 -9.1
9.948 9.948 -49.343 -213.286 -43.446 -42.0 -245.2 -9.1
9.968 9.968 -53.816 -218.088 -46.299004 -42.0 -245.2 -9.1
9.989 9.988 -57.752 -224.377 -49.474 -42.0 -245.2 -9.1
10.008 10.008 -61.803 -230.42099 -48.892 -42.0 -245.2 -9.1
10.029 10.028 -65.306 -237.146 -48.304 -42.0 -245.2 -9.1
10.048 10.048 -68.562 -245.20999 -47.719 -42.0 -245.2 -9.1
10.068 10.068 -73.279 -260.212 -39.619 -42.0 -245.2 -9.1
10.089 10.088 -73.923 -267.475 -32.718002 -42.6 -246.9 -6.9
10.108 10.108 -74.529 -273.87 -26.767 -42.6 -246.9 -6.9
10.128 10.128 -74.324 -278.314 -18.285 -42.6 -246.9 -6.9
10.148 10.148 -71.548 -281.724 -10.396 -42.6 -246.9 -6.9
10.171 10.168 -69.548996 -284.418 -4.398 -42.6 -246.9 -6.9
10.188 10.188 -66.351 -285.229 0.6609998 -42.6 -246.9 -6.9
10.209 10.208 -63.185997 -286.235 6.6769996 -42.6 -246.9 -6.9
10.228 10.228 -59.130997 -285.86398 12.068001 -42.6 -246.9 -6.9
10.248 10.248 -56.177 -284.306 17.132 -42.6 -246.9 -6.9
10.268 10.268 -49.001 -279.758 24.126 -42.6 -246.9 -6.9
10.289 10.288 -44.831 -276.787 27.321001 -41.7 -246.0 -6.9
10.308 10.308 -42.315 -274.471 29.231 -41.5 -245.2 -9.4
10.328 10.328 -39.818 -270.335 32.088997 -41.5 -245.2 -9.4
10.348 10.348 -37.043 -266.375 35.279 -41.5 -245.1 -8.5
10.369 10.368 -35.022 -260.333 36.562 -41.5 -245.1 -8.5
10.388 10.388 -34.416 -256.48 36.889 -41.5 -245.1 -8.5
10.408 10.408 -33.57 -251.811 38.799 -41.5 -245.1 -8.5
10.428 10.428 -31.5 -246.414 38.19 -41.5 -245.1 -8.5
10.449 10.448 -29.050999 -237.084 36.008 -41.5 -245.1 -8.5
10.468 10.468 -28.703 -232.88 35.707 -41.5 -245.1 -8.5
10.489 10.488 -29.133999 -228.281 33.505997 -40.0 -245.6 -8.4
10.509 10.508 -29.382 -225.44101 33.822 -40.0 -245.6 -8.4
10.528 10.528 -32.616 -221.009 30.656 -40.0 -245.6 -8.4
10.548 10.548 -34.467 -217.434 28.446001 -40.0 -245.6 -8.4
10.570 10.568 -34.695 -214.735 27.819002 -40.0 -245.6 -8.4
10.588 10.588 -36.553 -211.16101 25.611002 -40.0 -245.6 -8.4
10.608 10.608 -40.321003 -208.697 20.561 -41.9 -244.8 -8.4
10.629 10.628 -42.157 -205.451 17.73 -41.9 -244.8 -8.4
10.648 10.648 -44.965 -201.588 10.17 -41.9 -244.8 -8.4
10.669 10.668 -47.085003 -199.994 6.7040005 -41.9 -244.8 -8.4
10.689 10.688 -48.57 -199.02301 0.7230005 -41.9 -244.8 -8.4
10.709 10.708 -49.865 -198.776 -2.7249994 -41.9 -244.8 -8.4
10.728 10.728 -51.736 -198.198 -5.5589995 -41.9 -244.8 -8.4
10.749 10.748 -52.125 -198.562 -10.914 -41.5 -245.2 -9.2
10.768 10.768 -51.485 -198.486 -13.415 -41.5 -245.2 -9.2
10.788 10.788 -52.037 -198.629 -13.732 -41.5 -245.2 -9.2
10.809 10.808 -51.308 -199.318 -19.074 -41.5 -245.2 -9.2
10.828 10.828 -51.792 -201.078 -22.541 -41.5 -245.2 -9.2
10.849 10.848 -52.128 -203.054 -30.400002 -41.5 -245.2 -9.2
10.869 10.868 -51.21 -205.831 -33.249 -38.1 -245.9 -10.3
10.888 10.888 -50.566998 -206.747 -36.398 -38.1 -245.9 -10.3
10.908 10.908 -51.084 -209.361 -38.919 -38.1 -245.9 -10.3
10.929 10.928 -51.045998 -211.629 -41.441 -38.1 -245.9 -10.3
10.949 10.948 -49.857998 -213.728 -44.27 -38.1 -245.9 -10.3
10.968 10.968 -50.097 -217.006 -47.426003 -39.071 -245.7 -9.985
10.988 10.988 -51.171997 -221.935 -51.222 -39.071 -245.7 -9.985
11.008 11.008 -50.413 -226.803 -50.91 -39.071 -245.7 -9.985
11.028 11.028 -48.743 -236.425 -54.691 -39.071 -245.7 -9.985
11.048 11.048 -49.354 -240.619 -55.034 -39.071 -245.7 -9.985
11.069 11.068 -48.224 -244.741 -57.877 -40.7 -246.0 -9.8
11.089 11.088 -46.356003 -249.468 -56.635 -40.7 -246.0 -9.8
11.108 11.108 -45.350002 -256.707 -56.347 -40.7 -246.0 -9.8
11.128 11.128 -43.012 -264.164 -53.212997 -40.7 -246.0 -9.8
11.148 11.148 -40.701 -271.322 -49.451 -40.7 -246.0 -9.8
11.168 11.168 -36.364002 -275.941 -45.993 -40.7 -246.0 -9.8
11.189 11.188 -34.003 -280.91 -42.536 -41.3 -245.4 -9.2
11.208 11.208 -30.850998 -283.76398 -36.241 -41.3 -245.4 -9.2
11.228 11.228 -23.224998 -285.636 -28.659 -41.3 -245.4 -9.2
11.248 11.248 -17.592 -283.655 -27.365002 -41.3 -245.4 -9.2
11.269 11.268 -14.230999 -282.531 -25.772 -41.3 -245.4 -9.2
11.289 11.288 -11.875 -278.979 -27.335999 -41.3 -245.4 -9.2
11.308 11.308 -7.5620003 -274.42798 -27.618 -41.3 -245.4 -9.2
11.329 11.328 -4.519001 -268.781 -32.324 -40.7 -245.8 -9.3
11.349 11.348 -2.6189995 -260.138 -35.15 -41.2 -245.6 -9.1
11.368 11.368 -2.4260025 -249.85701 -36.725 -41.2 -245.6 -9.1
11.389 11.388 -2.2159996 -238.893 -38.926003 -41.2 -245.6 -9.1
11.409 11.408 -6.295002 -229.839 -39.596 -41.2 -245.6 -9.1
11.429 11.428 -14.400002 -215.378 -34.945 -41.2 -245.6 -9.1
11.448 11.448 -18.323 -210.07501 -33.092003 -41.2 -245.6 -9.1
11.469 11.468 -21.947 -206.24901 -32.18 -41.2 -245.6 -9.1
11.490 11.488 -25.085001 -204.306 -29.688 -41.2 -245.6 -9.1
11.509 11.508 -27.925001 -202.348 -27.819 -41.2 -245.6 -9.1
11.529 11.528 -31.833 -201.175 -28.157 -41.8 -246.3 -8.4
11.548 11.548 -34.874 -201.813 -30.058 -41.8 -246.3 -8.4
11.569 11.568 -38.514 -200.969 -30.4 -41.8 -246.3 -8.4
11.589 11.588 -43.0 -200.96701 -30.431 -40.4 -245.1 -9.4
11.608 11.608 -52.030003 -201.50601 -30.175999 -40.4 -245.1 -9.4
11.629 11.628 -56.621002 -204.22 -28.945 -41.0 -245.3 -9.3
11.648 11.648 -60.315002 -205.565 -28.958 -41.0 -245.3 -9.3
11.669 11.668 -65.125 -207.904 -29.616001 -41.0 -245.3 -9.3
11.689 11.688 -67.432 -209.599 -29.002998 -41.0 -245.3 -9.3
11.709 11.708 -73.409 -215.142 -29.980999 -41.0 -245.3 -9.3
11.729 11.728 -76.028 -219.20099 -29.365 -41.6 -246.2 -8.6
11.750 11.748 -80.026 -225.72299 -30.962 -41.6 -246.2 -8.6
11.768 11.768 -83.298996 -233.18199 -29.09 -41.6 -246.2 -8.6
11.788 11.788 -85.774994 -239.844 -25.02 -41.6 -246.2 -8.6
11.808 11.808 -87.305 -253.95201 -18.418 -40.8 -245.1 -9.2
11.828 11.828 -86.093 -259.077 -14.627 -40.8 -245.1 -9.2
11.848 11.848 -85.47 -264.562 -10.209 -40.8 -245.1 -9.2
11.868 11.868 -83.137 -268.696 -5.7799997 -40.8 -245.1 -9.2
11.888 11.888 -81.043 -272.962 -2.9309998 -40.8 -245.1 -9.2
11.908 11.908 -78.968994 -275.74802 1.4899998 -40.8 -245.1 -9.2
11.928 11.928 -75.188 -277.50702 5.3100004 -41.4 -246.3 -8.4
11.948 11.948 -71.353 -280.078 7.547 -41.4 -246.3 -8.4
11.968 11.968 -68.95 -281.33002 11.038 -41.4 -246.3 -8.4
11.988 11.988 -65.66 -281.886 13.286001 -41.4 -246.3 -8.4
12.009 12.008 -61.026 -281.153 18.679 -41.4 -246.3 -8.4
12.029 12.028 -57.200996 -280.406 22.823 -40.8 -245.1 -8.0
12.048 12.048 -54.154 -278.949 25.053001 -40.8 -245.1 -8.0
12.069 12.068 -51.941998 -275.98 27.595 -41.1 -245.5 -9.1
12.088 12.088 -51.131996 -272.848 29.812998 -41.1 -245.5 -9.1
12.108 12.108 -50.022 -269.038 32.038002 -41.1 -245.5 -9.1
12.132 12.128 -49.79 -265.08002 35.202 -41.2 -245.8 -8.2
12.148 12.148 -49.199 -260.723 35.833 -41.2 -245.8 -8.2
12.169 12.168 -48.370003 -254.905 38.681 -41.2 -245.8 -8.2
12.189 12.188 -46.526 -244.468 38.069 -41.2 -245.8 -8.2
12.209 12.208 -46.43 -239.242 37.13 -41.2 -245.8 -8.2
12.228 12.228 -46.105 -235.06 37.454 -41.2 -245.8 -8.2
12.249 12.248 -44.874 -230.321 36.203 -41.2 -245.5 -9.2
12.269 12.268 -44.795002 -226.439 35.267 -41.2 -245.5 -9.2
12.288 12.288 -45.213 -223.02701 32.128 -41.2 -245.5 -9.2
12.308 12.308 -46.243 -220.309 30.241001 -41.2 -245.5 -9.2
12.329 12.328 -47.902 -218.16101 30.551003 -40.6 -246.1 -10.3
12.348 12.348 -50.022 -216.24901 27.09 -40.6 -246.1 -10.3
12.368 12.368 -53.575996 -213.539 25.190002 -40.6 -246.1 -10.3
12.388 12.388 -58.851997 -208.998 16.380001 -40.6 -246.1 -10.3
12.408 12.408 -62.560997 -207.67601 9.768001 -40.6 -246.1 -10.3
12.429 12.428 -65.776 -206.557 5.3619995 -40.6 -246.1 -10.3
12.448 12.448 -66.139 -205.393 -0.28700066 -40.6 -246.1 -10.3
12.468 12.468 -67.039 -205.02802 -7.512 -40.6 -246.1 -10.3
12.488 12.488 -66.594 -205.375 -12.85 -40.9 -245.9 -9.5
12.509 12.508 -67.859 -206.57599 -17.901001 -40.4 -245.7 -9.3
12.529 12.528 -68.566 -207.96399 -22.648 -39.2 -246.4 -11.6
12.548 12.548 -66.802 -208.694 -25.480999 -39.2 -246.4 -11.6
12.569 12.568 -65.353 -210.13199 -27.678 -39.2 -246.4 -11.6
12.588 12.588 -62.625 -211.611 -34.594 -39.2 -246.4 -11.6
12.608 12.608 -61.743 -213.737 -36.795 -39.2 -246.4 -11.6
12.630 12.628 -60.781 -215.786 -41.528 -39.2 -246.4 -11.6
12.648 12.648 -60.753 -218.07399 -43.42 -39.2 -246.4 -11.6
12.668 12.668 -59.614 -220.543 -45.003 -39.2 -246.4 -11.6
12.688 12.688 -59.06 -224.194 -46.267998 -39.2 -246.4 -11.6
12.708 12.708 -58.466003 -228.80899 -49.420998 -39.2 -246.4 -11.6
12.729 12.728 -57.033 -233.246 -52.876 -41.0 -246.0 -10.4
12.748 12.748 -55.635002 -237.399 -54.456 -41.0 -246.0 -10.4
12.768 12.768 -51.457 -244.066 -55.71 -41.0 -246.0 -10.4
12.789 12.788 -49.81 -247.91 -56.032997 -41.0 -246.0 -10.4
12.808 12.808 -46.504 -252.939 -56.039 -41.0 -246.0 -10.4
12.828 12.828 -44.715 -259.41 -52.905 -41.0 -246.0 -10.4
12.849 12.848 -41.099 -266.085 -54.161003 -41.0 -246.0 -10.4
12.869 12.868 -35.336 -269.514 -50.996002 -41.0 -246.0 -10.4
12.888 12.888 -31.307999 -274.655 -46.578003 -41.0 -246.0 -10.4
12.909 12.908 -24.111 -276.232 -43.082 -41.2 -245.7 -9.1
12.931 12.928 -19.992998 -277.167 -39.614998 -41.6 -246.6 -9.5
12.948 12.948 -14.113998 -275.026 -37.386 -41.6 -246.6 -9.5
12.969 12.968 -6.5820007 -269.404 -32.309 -41.3 -246.3 -8.9
12.988 12.988 -3.5389977 -266.289 -28.834 -41.3 -246.3 -8.9
13.009 13.008 -1.3800011 -260.84702 -31.972 -41.3 -246.3 -8.9
13.029 13.028 0.012001038 -253.705 -28.514 -41.3 -246.3 -8.9
13.049 13.048 2.098999 -245.47 -28.194 -41.3 -246.3 -8.9
13.069 13.068 2.6570015 -237.335 -24.108 -41.3 -246.3 -8.9
13.089 13.088 1.8650017 -230.003 -22.234 -41.3 -246.3 -8.9
13.108 13.108 -1.7360001 -223.505 -20.688 -41.3 -246.3 -8.9
13.129 13.128 -2.827999 -218.008 -19.131 -41.7 -246.2 -9.0
13.148 13.148 -6.4589996 -213.535 -17.583 -41.7 -246.2 -9.0
13.169 13.168 -14.834 -204.381 -15.448 -41.5 -246.0 -9.1
13.188 13.188 -20.173 -201.737 -14.222 -41.5 -246.0 -9.1
13.208 13.208 -26.894001 -199.249 -13.957001 -41.5 -246.0 -9.1
13.229 13.228 -32.187 -197.722 -14.931 -41.5 -246.0 -9.1
13.248 13.248 -37.703 -196.164 -17.794 -41.5 -246.0 -9.1
13.268 13.268 -41.393 -197.683 -17.498001 -41.5 -246.0 -9.1
13.288 13.288 -43.814 -197.782 -20.967 -41.5 -246.0 -9.1
13.311 13.308 -46.572998 -199.063 -23.493 -41.5 -246.0 -9.1
13.329 13.328 -48.759 -200.004 -26.018 -41.6 -245.7 -8.9
13.349 13.348 -52.272 -204.732 -32.639 -41.2 -245.5 -9.1
13.368 13.368 -54.688 -208.14 -37.999 -41.2 -245.5 -9.1
13.388 13.388 -56.895 -212.6 -41.475998 -41.0 -245.1 -9.4
13.408 13.408 -58.308 -216.914 -43.371002 -41.0 -245.1 -9.4
13.428 13.428 -60.536 -222.71701 -46.846 -41.0 -245.1 -9.4
13.448 13.448 -63.649002 -229.235 -49.07 -41.0 -245.1 -9.4
13.469 13.468 -64.548004 -235.92201 -50.33 -41.0 -245.1 -9.4
13.489 13.488 -67.544 -243.542 -48.154 -41.0 -245.1 -9.4
13.510 13.508 -69.063 -250.43901 -47.847 -41.0 -245.1 -9.4
13.529 13.528 -69.794 -257.546 -45.963997 -41.7 -246.5 -8.4
13.548 13.548 -70.824005 -270.044 -36.848 -41.7 -246.5 -8.4
13.568 13.568 -69.978 -275.227 -30.55 -41.7 -246.5 -8.4
13.588 13.588 -69.351 -278.724 -25.513 -41.7 -246.5 -8.4
13.609 13.608 -69.074005 -282.257 -18.583 -41.7 -246.5 -8.4
13.629 13.628 -68.208 -285.299 -11.966999 -41.7 -246.5 -8.4
13.648 13.648 -65.94 -285.657 -4.075 -41.7 -246.5 -8.4
13.669 13.668 -64.445 -285.806 1.6030006 -41.7 -246.5 -8.4
13.688 13.688 -65.196 -285.118 7.59 -41.7 -246.5 -8.4
13.708 13.708 -61.975998 -281.913 13.9279995 -41.7 -246.5 -8.4
13.729 13.728 -62.693 -279.869 19.282 -41.6 -246.5 -8.0
13.749 13.748 -60.871998 -271.146 27.807999 -41.6 -246.5 -8.0
13.768 13.768 -60.39 -266.547 32.233 -41.2 -245.6 -8.8
13.788 13.788 -58.128998 -260.70502 34.462 -41.3 -245.1 -8.5
13.809 13.808 -57.856 -255.87901 36.68 -41.3 -245.1 -8.5
13.829 13.828 -59.194 -251.49901 36.04 -41.3 -245.1 -8.5
13.848 13.848 -59.735 -246.82301 37.311 -41.3 -245.1 -8.5
13.868 13.868 -58.515 -241.259 36.372 -41.3 -245.1 -8.5
13.888 13.888 -56.198997 -236.044 36.717 -41.3 -245.1 -8.5
13.908 13.908 -56.052 -231.774 33.887 -41.3 -245.1 -8.5
13.929 13.928 -56.977997 -223.12799 31.050999 -41.1 -245.4 -8.2
13.948 13.948 -56.242996 -219.51399 26.969997 -41.1 -245.4 -8.2
13.969 13.968 -55.846 -215.43199 25.098999 -41.1 -245.4 -8.2
13.989 13.988 -57.958 -212.162 21.626 -41.7 -244.8 -8.5
14.008 14.008 -58.357002 -209.70001 17.221 -41.7 -244.8 -8.5
14.028 14.028 -58.814003 -207.138 15.025 -41.7 -244.8 -8.5
14.049 14.048 -58.903 -204.824 9.687 -41.7 -244.8 -8.5
14.068 14.068 -59.578003 -203.542 4.979 -41.7 -244.8 -8.5
14.088 14.088 -61.415 -202.94301 0.8859997 -41.7 -244.8 -8.5
14.108 14.108 -63.201 -202.98001 -5.084 -41.7 -244.8 -8.5
14.129 14.128 -66.483 -205.217 -17.37 -37.9 -246.0 -9.6
14.149 14.148 -67.217 -206.796 -21.775002 -37.9 -246.0 -9.6
14.168 14.168 -67.644 -210.01 -27.433 -37.9 -246.0 -9.6
14.192 14.188 -68.419 -213.263 -31.218 -37.9 -246.0 -9.6
14.209 14.208 -66.632 -216.155 -36.232002 -40.9 -245.5 -8.9
14.228 14.228 -66.880005 -219.935 -39.068 -40.9 -245.5 -8.9
14.248 14.248 -65.926 -221.668 -43.161003 -40.9 -245.5 -8.9
14.268 14.268 -64.249 -223.65 -43.786003 -40.9 -245.5 -8.9
14.288 14.288 -63.920002 -226.766 -46.619003 -40.9 -245.5 -8.9
14.308 14.308 -63.096 -229.266 -46.939003 -40.9 -245.5 -8.9
14.329 14.328 -62.209 -237.71 -51.669003 -38.9 -245.8 -9.7
14.348 14.348 -61.406002 -241.061 -51.688 -38.9 -245.8 -9.7
14.368 14.368 -61.406002 -243.22 -52.649002 -38.9 -245.8 -9.7
14.388 14.388 -60.852 -245.70801 -53.601 -38.9 -245.8 -9.7
14.409 14.408 -61.449 -247.065 -52.991 -38.9 -245.8 -9.7
14.428 14.428 -60.367 -249.58301 -52.689 -38.9 -245.8 -9.7
14.448 14.448 -60.417 -253.78 -53.023003 -38.9 -245.8 -9.7
14.468 14.468 -57.967003 -257.989 -52.076 -38.9 -245.8 -9.7
14.491 14.488 -57.75 -262.355 -52.082 -38.9 -245.8 -9.7
14.508 14.508 -51.825 -272.177 -47.664 -38.9 -245.8 -9.7
14.529 14.528 -47.975002 -276.221 -47.024002 -40.4 -246.3 -9.1
14.548 14.548 -42.167 -278.281 -44.482002 -40.4 -246.3 -9.1
14.568 14.568 -37.161003 -281.164 -43.516 -40.4 -246.3 -9.1
14.588 14.588 -31.121002 -282.263 -39.086 -40.4 -246.3 -9.1
14.608 14.608 -24.11 -281.107 -37.481 -40.9 -245.7 -8.9
14.629 14.628 -17.622002 -277.928 -36.503998 -40.9 -245.7 -8.9
14.648 14.648 -8.629002 -271.942 -33.309 -40.9 -245.7 -8.9
14.668 14.668 -3.019001 -264.803 -29.19 -40.9 -245.7 -8.9
14.688 14.688 0.40899658 -255.956 -26.975 -40.9 -245.7 -8.9
14.708 14.708 2.2679977 -235.56601 -23.198 -41.7 -246.1 -8.8
14.728 14.728 -0.41400146 -226.03299 -22.271 -40.9 -245.9 -8.3
14.748 14.748 -3.6090012 -218.94899 -24.186 -40.9 -245.9 -8.3
14.769 14.768 -9.724001 -212.943 -23.598 -40.9 -245.9 -8.3
14.790 14.788 -14.372002 -208.215 -25.521 -40.9 -245.9 -8.3
14.808 14.808 -19.639002 -206.519 -26.807999 -40.9 -245.9 -8.3
14.828 14.828 -22.625002 -204.773 -29.345001 -40.9 -245.9 -8.3
14.848 14.848 -25.949001 -204.427 -30.622002 -40.9 -245.9 -8.3
14.869 14.868 -28.651001 -205.18399 -34.095 -40.9 -245.9 -8.3
14.888 14.888 -31.374 -206.61699 -37.568 -40.9 -245.9 -8.3
14.909 14.908 -38.537003 -211.03099 -44.219997 -40.9 -245.9 -8.3
14.929 14.928 -41.605 -214.83 -47.084 -41.5 -245.8 -9.0
14.948 14.948 -42.96 -218.798 -50.231 -41.5 -245.8 -9.0
14.968 14.968 -45.785 -221.972 -51.193 -41.5 -245.8 -9.0
14.988 14.988 -48.858 -227.12201 -54.042 -41.5 -245.8 -9.0
15.009 15.008 -51.742 -232.352 -53.753 -41.5 -245.8 -9.0
15.028 15.028 -52.591 -237.34201 -55.638 -41.5 -245.8 -9.0
15.049 15.048 -55.224 -243.252 -54.714 -41.0 -245.5 -9.0
15.072 15.068 -57.306 -250.327 -54.098 -41.0 -245.5 -9.0
15.088 15.088 -60.164 -261.889 -48.47 -41.0 -245.5 -9.0
15.108 15.108 -61.457 -267.496 -45.652 -41.0 -245.5 -9.0
15.129 15.128 -63.051003 -270.96802 -41.269 -41.0 -245.1 -9.7
15.148 15.148 -64.312 -274.397 -38.757 -41.0 -245.1 -9.7
15.169 15.168 -65.624 -277.20102 -34.365 -41.0 -245.1 -9.7
15.189 15.188 -67.894 -279.264 -25.890999 -41.0 -245.1 -9.7
15.208 15.208 -70.594 -281.729 -22.129 -41.0 -245.1 -9.7
15.229 15.228 -72.235 -281.582 -15.214 -41.0 -245.1 -9.7
15.248 15.248 -74.076004 -281.187 -11.1189995 -41.0 -245.1 -9.7
15.268 15.268 -76.513 -277.829 -4.5189996 -41.0 -245.1 -9.7
15.288 15.288 -78.783005 -269.896 7.734 -41.0 -245.1 -9.7
15.308 15.308 -79.647 -265.58002 9.634999 -41.0 -245.1 -9.7
15.329 15.328 -80.363 -262.368 15.308 -41.2 -245.3 -9.3
15.348 15.348 -80.11 -258.22 17.526001 -41.2 -245.3 -9.3
15.371 15.368 -79.308 -254.916 20.061 -41.2 -245.3 -9.3
15.388 15.388 -77.876 -250.557 20.704998 -41.2 -245.3 -9.3
15.408 15.408 -79.735 -247.144 18.174 -41.2 -245.3 -9.3
15.428 15.428 -79.684006 -242.279 18.495998 -41.2 -245.3 -9.3
15.448 15.448 -80.149 -237.545 17.236 -41.2 -245.3 -9.3
15.468 15.468 -80.017 -231.618 15.032001 -41.2 -245.3 -9.3
15.489 15.488 -78.599 -221.918 9.701 -40.6 -245.5 -8.9
15.509 15.508 -77.889 -218.149 6.5670004 -40.6 -245.5 -8.9
15.529 15.528 -75.753006 -215.353 2.1790009 -41.2 -245.3 -9.4
15.548 15.548 -74.76601 -213.741 -1.8759995 -41.2 -245.3 -9.4
15.568 15.568 -74.831 -211.582 -8.165 -41.2 -245.3 -9.4
15.588 15.588 -72.493 -208.676 -9.7039995 -41.2 -245.3 -9.4
15.608 15.608 -69.818 -207.226 -14.07 -41.2 -245.3 -9.4
15.628 15.628 -67.778 -206.659 -16.254 -41.2 -245.3 -9.4
15.648 15.648 -66.223 -206.367 -20.939 -41.2 -245.3 -9.4
15.670 15.668 -64.102005 -207.401 -26.258999 -41.2 -245.3 -9.4
15.688 15.688 -64.033005 -207.995 -28.763 -41.2 -245.3 -9.4
15.708 15.708 -61.97 -206.909 -31.26 -41.2 -245.3 -9.4
15.729 15.728 -61.086998 -207.87 -32.496002 -38.7 -245.8 -8.0
15.748 15.748 -61.366 -208.19301 -32.492 -38.7 -245.8 -8.0
15.768 15.768 -61.883003 -210.47101 -35.008 -38.7 -245.8 -8.0
15.788 15.788 -64.721 -214.317 -35.967 -38.7 -245.8 -8.0
15.809 15.808 -67.507 -218.253 -39.124 -41.0 -245.0 -9.1
15.829 15.828 -69.749 -224.892 -42.272003 -41.0 -245.0 -9.1
15.848 15.848 -72.067 -231.911 -42.911003 -41.0 -245.0 -9.1
15.868 15.868 -73.64 -246.299 -43.555 -41.0 -245.0 -9.1
15.888 15.888 -72.392 -255.531 -42.618004 -41.0 -245.0 -9.1
15.909 15.908 -70.298004 -265.586 -41.995003 -41.0 -245.0 -9.1
15.929 15.928 -65.725 -274.903 -37.891 -36.5 -246.3 -7.2
15.949 15.948 -60.022 -283.194 -35.043 -36.5 -246.3 -7.2
15.971 15.968 -52.411 -288.51898 -29.692001 -40.5 -245.4 -9.2
15.988 15.988 -43.572998 -291.15298 -24.938 -40.5 -245.4 -9.2
16.008 16.008 -36.061 -293.08798 -22.073 -40.5 -245.4 -9.2
16.028 16.028 -26.826 -291.166 -18.238998 -40.5 -245.4 -9.2
16.049 16.048 -19.8 -288.53998 -15.67 -40.5 -245.4 -9.2
16.068 16.068 -7.0839996 -277.655 -19.988998 -40.5 -245.4 -9.2
16.088 16.088 -2.8969994 -270.498 -23.742 -40.5 -245.4 -9.2
16.109 16.108 -1.0029984 -262.207 -25.935001 -40.5 -245.4 -9.2
16.129 16.128 1.3969994 -254.11499 -26.552002 -40.4 -246.2 -8.3
16.148 16.148 1.553997 -246.681 -27.819 -40.4 -246.2 -8.3
16.170 16.168 0.06699753 -239.215 -30.977001 -40.4 -246.2 -8.3
16.188 16.188 -1.4730034 -232.306 -31.946 -40.4 -246.2 -8.3
16.209 16.208 -4.422001 -226.87599 -34.491 -41.5 -245.9 -9.2
16.228 16.228 -8.492001 -222.452 -37.678 -41.5 -245.9 -9.2
16.252 16.248 -19.488 -216.288 -44.058002 -41.5 -245.9 -9.2
16.269 16.268 -25.37 -214.461 -44.418 -41.5 -245.9 -9.2
16.288 16.288 -30.458 -214.15599 -43.833 -41.5 -245.9 -9.2
16.308 16.308 -36.301 -215.135 -46.391003 -41.5 -245.9 -9.2
16.329 16.328 -43.029 -216.813 -48.326 -41.6 -246.2 -8.3
16.348 16.348 -50.641 -219.68199 -49.332 -41.6 -246.2 -8.3
16.368 16.368 -56.622997 -223.097 -48.746 -41.6 -246.2 -8.3
16.388 16.388 -62.918 -227.86899 -47.541 -40.9 -245.4 -9.4
16.409 16.408 -68.654 -232.636 -46.33 -41.3 -245.7 -9.5
16.428 16.428 -74.46 -238.612 -43.537 -41.3 -245.7 -9.5
16.448 16.448 -80.865 -251.327 -33.507 -41.3 -245.7 -9.5
16.468 16.468 -82.252 -257.195 -27.857 -41.3 -245.7 -9.5
16.489 16.488 -82.897 -263.451 -19.042 -41.3 -245.7 -9.5
16.508 16.508 -82.558 -268.783 -14.301001 -41.3 -245.7 -9.5
16.529 16.528 -80.806 -272.94598 -9.242001 -41.5 -246.4 -7.9
16.551 16.548 -77.959 -276.777 -2.907 -41.5 -246.4 -7.9
16.568 16.568 -73.630005 -279.404 1.8460002 -41.5 -246.4 -7.9
16.588 16.588 -70.097 -281.973 4.7099996 -41.5 -246.4 -7.9
16.608 16.608 -65.725 -284.717 7.8949995 -41.1 -245.6 -9.3
16.629 16.628 -60.498 -285.466 11.724999 -41.1 -245.6 -9.3
16.649 16.648 -51.35 -285.548 16.839 -41.1 -245.6 -9.3
16.668 16.668 -47.464996 -284.906 18.77 -41.1 -245.6 -9.3
16.689 16.688 -43.313 -282.95 21.965 -41.1 -245.6 -9.3
16.708 16.708 -38.559998 -281.63202 23.898003 -41.1 -245.6 -9.3
16.729 16.728 -35.260002 -279.022 27.728 -41.2 -246.2 -7.8
16.748 16.748 -32.149002 -275.832 28.704002 -41.2 -246.2 -7.8
16.768 16.768 -29.037 -271.317 30.306 -41.2 -246.2 -7.8
16.789 16.788 -27.897 -266.812 31.907001 -41.2 -246.2 -7.8
16.809 16.808 -25.321999 -262.923 32.238 -41.0 -245.8 -8.9
16.830 16.828 -22.738 -254.886 34.157997 -41.0 -245.8 -8.9
16.850 16.848 -23.268002 -250.03299 35.102 -40.7 -245.4 -8.8
16.869 16.868 -23.769001 -244.485 35.428 -40.7 -245.4 -8.8
16.888 16.888 -22.816 -239.407 34.182 -40.7 -245.4 -8.8
16.908 16.908 -24.471 -236.4 34.170002 -40.7 -245.4 -8.8
16.929 16.928 -23.876001 -232.877 34.506 -40.7 -245.4 -8.8
16.949 16.948 -26.922 -230.689 33.539 -40.7 -245.4 -8.8
16.968 16.968 -26.545002 -226.284 32.295002 -40.7 -245.4 -8.8
16.988 16.988 -26.684002 -222.368 29.471 -40.7 -245.4 -8.8
17.008 17.008 -27.139 -219.129 27.277 -40.7 -245.4 -8.8
17.028 17.028 -32.042 -212.562 25.053001 -40.7 -245.4 -8.8
17.048 17.048 -34.46 -209.815 22.521 -41.1 -245.7 -9.0
17.068 17.068 -36.286 -208.236 19.068 -41.1 -245.7 -9.0
17.089 17.088 -37.001 -205.30899 16.239 -41.1 -245.7 -9.0
17.108 17.108 -38.816998 -203.532 12.464001 -41.1 -245.7 -9.0
17.129 17.128 -39.552 -202.467 9.943001 -40.1 -246.7 -10.0
17.148 17.148 -41.666 -200.71399 6.792 -40.1 -246.7 -10.0
17.169 17.168 -43.236 -199.277 3.6379995 -40.1 -246.7 -10.0
17.188 17.188 -43.733997 -199.061 2.073 -40.1 -246.7 -10.0
17.208 17.208 -43.3 -198.76599 -2.6290002 -40.1 -246.7 -10.0
17.232 17.228 -45.357998 -198.28 -8.295 -40.1 -246.7 -10.0
17.249 17.248 -45.267 -196.849 -10.82 -40.1 -246.7 -10.0
17.269 17.268 -45.190998 -198.101 -13.95 -40.8 -245.7 -9.0
17.288 17.288 -45.944 -198.181 -16.791 -40.8 -245.7 -9.0
17.308 17.308 -45.874 -198.777 -19.304 -40.8 -245.7 -9.0
17.329 17.328 -47.193 -199.692 -22.451 -40.8 -245.7 -9.0
17.349 17.348 -47.959 -201.295 -25.604 -39.9 -246.3 -9.8
17.369 17.368 -47.249 -203.14 -31.259998 -39.9 -246.3 -9.8
17.389 17.388 -47.451 -206.054 -35.036 -39.9 -246.3 -9.8
17.409 17.408 -49.577003 -210.434 -41.024002 -39.9 -246.3 -9.8
17.428 17.428 -54.043 -212.56801 -43.276 -39.9 -246.3 -9.8
17.449 17.448 -57.746002 -216.407 -43.635998 -39.9 -246.3 -9.8
17.469 17.468 -60.83 -222.222 -46.507 -39.9 -246.3 -9.8
17.488 17.488 -63.698 -228.727 -48.135998 -39.9 -246.3 -9.8
17.508 17.508 -65.974 -234.891 -50.382 -39.9 -246.3 -9.8
17.532 17.528 -67.805 -240.306 -48.541 -39.9 -246.3 -9.8
17.548 17.548 -70.153 -247.195 -48.901 -39.9 -246.3 -9.8
17.568 17.568 -71.789 -255.679 -45.813 -39.9 -246.3 -9.8
17.589 17.588 -69.797 -264.182 -42.056 -39.9 -246.3 -9.8
17.608 17.608 -61.833 -281.153 -34.497 -39.9 -246.3 -9.8
17.629 17.628 -55.77 -286.102 -32.901 -39.9 -246.3 -9.8
17.649 17.648 -48.369003 -290.596 -28.46 -39.9 -246.3 -9.8
17.669 17.668 -41.741 -292.702 -25.272 -39.9 -246.3 -9.8
17.689 17.688 -34.253 -293.152 -20.834 -38.3 -246.0 -10.8
17.709 17.708 -28.975002 -292.394 -17.967 -37.9 -246.0 -11.4
17.728 17.728 -23.199001 -290.855 -12.259999 -37.9 -246.0 -11.4
17.748 17.748 -16.725002 -288.197 -10.318999 -37.9 -246.0 -11.4
17.768 17.768 -10.477001 -283.344 -9.323999 -37.9 -246.0 -11.4
17.788 17.788 -5.9210014 -278.477 -8.348 -37.9 -246.0 -11.4
17.808 17.808 2.1889992 -263.803 -8.606 -37.9 -246.0 -11.4
17.828 17.828 4.8449974 -255.385 -8.5859995 -37.9 -246.0 -11.4
17.848 17.848 4.961998 -244.806 -7.639 -37.9 -246.0 -11.4
17.868 17.868 3.9349976 -235.916 -6.7019997 -37.9 -246.0 -11.4
17.888 17.888 2.350998 -226.855 -6.0829997 -37.9 -246.0 -11.4
17.909 17.908 -1.9420013 -219.555 -9.573999 -37.9 -246.0 -11.4
17.928 17.928 -4.9800034 -213.358 -8.656 -37.9 -246.0 -11.4
17.949 17.948 -8.524002 -209.1 -11.498 -41.9 -246.1 -9.3
17.969 17.968 -11.025002 -205.755 -10.887 -41.9 -246.1 -9.3
17.989 17.988 -18.861002 -202.24 -11.251 -41.9 -246.1 -9.3
18.008 18.008 -24.728 -200.056 -12.242001 -41.9 -246.1 -9.3
18.028 18.028 -28.515001 -198.112 -16.357 -41.9 -246.1 -9.3
18.048 18.048 -34.9 -198.05801 -19.558 -41.9 -246.1 -9.3
18.069 18.068 -40.082 -198.44101 -25.576 -41.9 -246.1 -9.3
18.088 18.088 -45.045002 -200.71501 -30.022 -41.9 -246.1 -9.3
18.112 18.108 -50.325 -203.665 -33.842 -41.2 -245.7 -9.5
18.129 18.128 -56.513 -207.512 -36.09 -41.2 -245.7 -9.5
18.149 18.148 -61.328003 -212.375 -37.7 -41.2 -245.7 -9.5
18.168 18.168 -64.381 -216.34999 -40.863 -41.2 -245.7 -9.5
18.189 18.188 -70.451004 -228.48799 -41.539 -41.2 -245.7 -9.5
18.209 18.208 -73.317 -235.198 -42.824 -41.2 -245.7 -9.5
18.228 18.228 -74.551 -242.106 -42.515 -41.2 -245.7 -9.5
18.248 18.248 -76.673004 -249.722 -40.954002 -41.2 -245.7 -9.5
18.268 18.268 -78.041 -257.397 -36.875 -41.2 -245.7 -9.5
18.288 18.288 -78.206 -264.347 -34.669 -41.2 -245.7 -9.5
18.308 18.308 -75.436005 -272.074 -27.407 -41.2 -245.7 -9.5
18.328 18.328 -72.807 -278.529 -24.235 -41.2 -245.7 -9.5
18.349 18.348 -69.671005 -283.365 -18.546 -41.2 -245.7 -9.5
18.369 18.368 -65.303 -287.447 -15.99 -41.2 -245.7 -9.5
18.389 18.388 -54.365 -292.667 -7.094 -41.2 -245.7 -9.5
18.411 18.408 -49.09 -293.712 -5.162 -41.2 -245.7 -9.5
18.428 18.428 -43.813 -292.927 -2.283 -41.2 -245.7 -9.5
18.448 18.448 -39.679 -292.651 0.89500046 -41.2 -245.7 -9.5
18.468 18.468 -34.229 -290.285 8.184999 -41.2 -245.7 -9.5
18.488 18.488 -30.101002 -287.023 12.629999 -41.2 -245.7 -9.5
18.509 18.508 -26.849003 -282.298 19.273 -39.4 -246.0 -10.5
18.529 18.528 -24.890001 -276.643 22.445 -39.4 -246.0 -10.5
18.549 18.548 -21.875002 -272.361 26.891998 -39.4 -246.0 -10.5
18.568 18.568 -17.257002 -261.935 28.191002 -39.4 -246.0 -10.5
18.589 18.588 -17.506002 -256.078 29.77 -39.4 -246.0 -10.5
18.609 18.608 -18.024002 -251.059 30.391998 -39.4 -246.0 -10.5
18.628 18.628 -19.747002 -245.76 33.544 -39.4 -246.0 -10.5
18.649 18.648 -21.051 -239.017 32.903 -39.4 -246.0 -10.5
18.668 18.668 -22.383001 -233.638 32.899 -39.4 -246.0 -10.5
18.688 18.688 -23.119001 -229.065 31.324001 -39.4 -246.0 -10.5
18.710 18.708 -24.739002 -224.512 31.013 -39.4 -246.0 -10.5
18.728 18.728 -25.443 -220.744 27.855 -39.4 -246.0 -10.5
18.748 18.748 -27.329002 -216.68399 26.595 -41.4 -245.2 -9.4
18.768 18.768 -31.813002 -209.31299 19.956001 -41.4 -245.2 -9.4
18.788 18.788 -33.688004 -206.079 18.373001 -41.4 -245.2 -9.4
18.809 18.808 -35.752003 -203.281 13.327 -41.4 -245.2 -9.4
18.828 18.828 -36.911003 -200.25299 6.720001 -41.4 -245.2 -9.4
18.849 18.848 -37.63 -198.995 3.2560005 -41.4 -245.2 -9.4
18.868 18.868 -38.627003 -198.411 -0.1989994 -41.4 -245.2 -9.4
18.889 18.888 -41.594 -197.65799 -3.9919996 -41.4 -245.2 -9.4
18.908 18.908 -41.081 -197.299 -11.229 -41.4 -245.2 -9.4
18.929 18.928 -43.519 -196.724 -14.081 -40.9 -245.6 -9.6
18.948 18.948 -45.960003 -198.651 -17.868 -40.9 -245.6 -9.6
18.968 18.968 -51.704002 -201.035 -24.529 -40.9 -245.6 -9.6
18.989 18.988 -56.118004 -204.302 -28.965 -40.9 -245.6 -9.6
19.010 19.008 -59.746002 -207.44 -31.204998 -38.9 -245.7 -11.7
19.028 19.028 -63.962 -211.60199 -33.444 -38.9 -245.7 -11.7
19.049 19.048 -66.21 -215.097 -35.036 -38.9 -245.7 -11.7
19.068 19.068 -69.266 -219.556 -38.52 -38.9 -245.7 -11.7
19.089 19.088 -72.451996 -224.442 -38.237 -38.9 -245.7 -11.7
19.108 19.108 -73.91901 -230.135 -38.881 -38.9 -245.7 -11.7
19.129 19.128 -76.252 -235.01399 -38.593 -38.9 -245.7 -11.7
19.148 19.148 -79.135 -249.595 -34.223 -38.9 -245.7 -11.7
19.168 19.168 -78.942 -257.128 -35.182 -38.9 -245.7 -11.7
19.189 19.188 -77.706 -265.751 -33.618 -38.9 -245.7 -11.7
19.209 19.208 -75.111 -273.057 -30.141 -39.4 -245.8 -11.0
19.229 19.228 -70.812004 -279.702 -26.667 -39.4 -245.8 -11.0
19.248 19.248 -65.326004 -285.467 -24.751999 -39.4 -245.8 -11.0
19.268 19.268 -57.787003 -290.163 -24.706001 -39.4 -245.8 -11.0
19.288 19.288 -48.286003 -292.374 -23.076 -39.4 -245.8 -11.0
19.310 19.308 -39.554 -292.524 -22.709 -39.4 -245.8 -11.0
19.329 19.328 -30.876 -291.718 -20.433 -40.8 -245.7 -9.6
19.348 19.348 -16.434 -285.977 -19.704 -40.8 -245.7 -9.6
19.369 19.368 -11.959 -282.004 -16.537 -40.8 -245.7 -9.6
19.389 19.388 -5.780998 -276.854 -13.029 -40.8 -245.7 -9.6
19.409 19.408 -3.2910004 -272.07 -8.915001 -40.0 -245.5 -10.1
19.428 19.428 -0.20800018 -266.419 -5.7510004 -40.0 -245.5 -10.1
19.449 19.448 2.6570015 -260.378 -4.4670005 -40.0 -245.5 -10.1
19.468 19.468 4.068001 -255.391 -1.9390001 -40.0 -245.5 -10.1
19.488 19.488 4.433998 -248.829 -1.6190004 -40.0 -245.5 -10.1
19.510 19.508 3.894001 -243.502 0.26399994 -40.0 -245.5 -10.1
19.529 19.528 3.980999 -237.437 0.2659998 -40.0 -245.5 -10.1
19.548 19.548 -1.3969994 -225.985 6.2129993 -40.0 -245.5 -10.1
19.568 19.568 -3.2809982 -221.439 5.262 -40.0 -245.5 -10.1
19.591 19.588 -5.9889984 -217.699 3.3619995 -42.1 -245.8 -8.8
19.608 19.608 -8.757999 -214.335 3.337 -42.1 -245.8 -8.8
19.629 19.628 -10.739998 -210.183 5.543 -42.1 -245.8 -8.8
19.648 19.648 -15.668999 -207.106 2.3529997 -42.1 -245.8 -8.8
19.668 19.668 -18.676998 -203.87 0.7659998 -42.1 -245.8 -8.8
19.688 19.688 -22.500998 -201.29901 -2.086 -42.1 -245.8 -8.8
19.708 19.708 -25.668 -199.983 -8.094 -42.1 -245.8 -8.8
19.728 19.728 -29.043999 -199.274 -17.256 -42.1 -245.8 -8.8
19.749 19.748 -31.172998 -200.02399 -21.365 -41.6 -245.4 -8.9
19.768 19.768 -31.302998 -200.756 -26.088999 -41.6 -245.4 -8.9
19.788 19.788 -32.318 -203.012 -30.504 -41.6 -245.4 -8.9
19.808 19.808 -33.621998 -205.09698 -34.6 -41.6 -245.4 -8.9
19.829 19.828 -34.615997 -208.85199 -39.957 -41.6 -245.4 -8.9
19.848 19.848 -34.795 -213.10199 -44.992996 -41.6 -245.4 -8.9
19.868 19.868 -37.586998 -220.252 -48.466003 -41.6 -245.4 -8.9
19.891 19.888 -39.208 -226.691 -53.191 -41.6 -245.4 -8.9
19.908 19.908 -39.815998 -233.879 -54.765 -41.6 -245.4 -8.9
19.928 19.928 -42.545 -251.168 -55.718002 -41.6 -245.4 -8.9
19.949 19.948 -44.656998 -260.417 -55.429 -41.6 -245.4 -8.9
19.969 19.968 -45.799 -268.958 -49.79 -41.6 -245.4 -8.9
19.993 19.992 -47.225002 -277.67 -44.471 -41.7 -245.6 -9.1
20.028 20.028 -47.376 -289.87 -27.499 -41.7 -245.6 -9.1
20.048 20.048 -47.761 -293.00702 -17.125 -41.7 -245.6 -9.1
20.068 20.068 -46.683 -293.937 -7.0410004 -41.7 -245.6 -9.1
20.088 20.088 -43.005 -293.306 1.4790001 -41.7 -245.6 -9.1
20.108 20.108 -41.762 -291.437 7.167 -41.7 -245.6 -9.1
20.129 20.128 -36.078 -285.953 17.296 -41.7 -245.6 -9.1
20.149 20.148 -32.505 -282.011 21.752998 -42.5 -246.5 -6.7
20.169 20.168 -29.708 -278.516 23.981998 -41.7 -245.6 -8.7
20.190 20.188 -29.249 -273.431 29.347 -43.2 -245.4 -8.3
20.209 20.208 -28.077 -268.40298 29.992 -43.2 -245.4 -8.3
20.228 20.228 -25.251001 -262.885 32.227 -43.2 -245.4 -8.3
20.248 20.248 -25.829 -258.24298 34.753002 -43.2 -245.4 -8.3
20.269 20.268 -28.399002 -252.44499 38.204002 -43.2 -245.4 -8.3
20.288 20.288 -32.254 -247.226 37.233 -43.2 -245.4 -8.3
20.308 20.308 -37.821 -238.18999 38.464 -43.2 -245.4 -8.3
20.328 20.328 -42.223 -232.112 37.177002 -43.2 -245.4 -8.3
20.349 20.348 -45.829002 -227.416 37.154 -43.2 -245.4 -8.3
20.369 20.368 -50.132 -222.10399 32.402 -43.2 -245.4 -8.3
20.389 20.388 -52.783 -216.98901 29.232 -43.2 -245.1 -8.6
20.409 20.408 -57.106003 -213.518 24.171999 -43.2 -245.1 -8.6
20.428 20.428 -59.946 -210.505 16.901 -43.2 -245.1 -8.6
20.449 20.448 -62.566 -207.034 11.851999 -43.2 -245.1 -8.6
20.468 20.468 -64.35 -206.059 5.858 -43.2 -245.1 -8.6
20.489 20.488 -65.357 -205.63301 2.0759993 -43.2 -245.1 -8.6
20.508 20.508 -66.742004 -205.58301 -7.6780005 -43.2 -245.1 -8.6
20.528 20.528 -66.306 -205.957 -13.023001 -43.2 -245.1 -8.6
20.549 20.548 -67.036 -206.711 -16.487999 -39.4 -245.6 -8.9
20.568 20.568 -66.69 -207.33 -18.998 -39.4 -245.6 -8.9
20.589 20.588 -66.045 -207.73901 -21.817 -39.4 -245.6 -8.9
20.608 20.608 -64.845 -208.16699 -24.636 -41.8 -245.7 -8.6
20.629 20.628 -65.612 -209.936 -28.105 -41.8 -245.7 -8.6
20.649 20.648 -66.381 -211.535 -31.257 -41.8 -245.7 -8.6
20.668 20.668 -66.949 -212.855 -31.894001 -41.8 -245.7 -8.6
20.689 20.688 -70.647 -215.05 -31.608002 -40.9 -245.6 -8.8
20.709 20.708 -73.264 -217.27501 -30.057999 -40.9 -245.6 -8.8
20.729 20.728 -75.842 -219.13301 -29.762001 -40.9 -245.6 -8.8
20.749 20.748 -78.743 -221.18799 -27.897 -40.1 -245.4 -9.0
20.768 20.768 -80.535 -224.75299 -26.338 -40.1 -245.4 -9.0
20.789 20.788 -82.910995 -227.84099 -23.836 -40.1 -245.4 -9.0
20.809 20.808 -85.573 -231.939 -21.345001 -40.1 -245.4 -9.0
20.828 20.828 -88.005 -237.21199 -17.914 -40.1 -245.4 -9.0
20.848 20.848 -90.147 -243.323 -14.795 -40.1 -245.4 -9.0
20.870 20.868 -88.63 -250.55699 -12.594 -40.1 -245.4 -9.0
20.888 20.888 -85.787 -265.97598 -11.33 -40.1 -245.4 -9.0
20.908 20.908 -82.565 -271.693 -10.065 -41.5 -245.8 -8.7
20.929 20.928 -78.094 -278.831 -12.8619995 -41.5 -245.8 -8.7
20.949 20.948 -71.932 -284.001 -14.409 -40.1 -245.9 -9.2
20.969 20.968 -62.627 -288.108 -17.804 -40.1 -245.9 -9.2
20.988 20.988 -53.246998 -291.046 -22.142 -40.1 -245.9 -9.2
21.008 21.008 -43.990997 -289.871 -29.626999 -40.1 -245.9 -9.2
21.029 21.028 -33.612 -285.715 -35.225 -40.1 -245.9 -9.2
21.049 21.048 -24.643 -278.559 -39.579002 -41.8 -245.8 -8.6
21.069 21.068 -16.012 -270.616 -41.108 -41.8 -245.8 -8.6
21.089 21.088 -5.049 -252.118 -40.419 -41.8 -245.8 -8.6
21.109 21.108 -3.8620033 -244.449 -37.907 -41.9 -246.3 -8.7
21.129 21.128 -2.9070015 -236.563 -36.961 -41.9 -246.3 -8.7
21.150 21.148 -3.4319992 -229.899 -34.448997 -40.8 -245.7 -8.4
21.169 21.168 -5.121998 -223.424 -31.001999 -40.8 -245.7 -8.4
21.188 21.188 -7.033001 -218.728 -30.388 -40.8 -245.7 -8.4
21.208 21.208 -9.8619995 -212.755 -27.265 -40.8 -245.7 -8.4
21.229 21.228 -14.644999 -208.273 -25.095999 -40.8 -245.7 -8.4
21.249 21.248 -19.081999 -204.57599 -25.762 -40.8 -245.7 -8.4
21.269 21.268 -31.006 -199.00699 -20.803 -40.8 -245.7 -8.4
21.289 21.288 -37.788 -197.717 -19.597 -40.8 -245.7 -8.4
21.308 21.308 -42.881 -197.064 -19.001 -41.3 -245.7 -9.1
21.329 21.328 -49.664 -198.442 -19.049 -41.3 -245.7 -9.1
21.349 21.348 -54.716 -199.275 -20.026 -41.0 -245.8 -7.6
21.368 21.368 -60.089 -202.13701 -21.011 -41.0 -245.8 -7.6
21.389 21.388 -64.604996 -205.16 -22.305 -41.0 -245.8 -7.6
21.408 21.408 -69.171 -208.711 -22.017 -41.0 -245.8 -7.6
21.428 21.428 -74.025 -213.11801 -22.057 -41.0 -245.8 -7.6
21.452 21.448 -78.878 -218.679 -22.407 -41.0 -245.8 -7.6
21.468 21.468 -85.097 -229.426 -17.73 -41.0 -245.8 -7.6
21.489 21.488 -84.875 -235.312 -18.047 -41.5 -245.5 -8.8
21.509 21.508 -87.5 -242.54 -18.387001 -41.5 -245.5 -8.8
21.529 21.528 -86.761 -248.783 -17.433 -41.5 -245.5 -8.8
21.549 21.548 -86.983 -256.122 -13.337999 -40.6 -246.0 -7.5
21.568 21.568 -85.642 -261.21 -4.1940002 -40.6 -246.0 -7.5
21.588 21.588 -83.31799 -265.691 0.8629999 -40.6 -246.0 -7.5
21.608 21.608 -80.13 -268.144 5.922 -40.6 -246.0 -7.5
21.628 21.628 -76.656 -271.266 10.367001 -40.6 -246.0 -7.5
21.648 21.648 -73.701004 -273.027 14.1779995 -40.6 -246.0 -7.5
21.669 21.668 -68.856 -274.682 20.846 -40.6 -246.0 -7.5
21.689 21.688 -65.027 -274.08 24.668 -40.6 -246.0 -7.5
21.709 21.708 -60.301 -273.775 26.598999 -40.6 -245.5 -7.8
21.728 21.728 -54.988 -272.447 28.539001 -40.6 -245.5 -7.8
21.752 21.748 -51.404 -272.327 30.773998 -40.5 -246.1 -8.5
21.769 21.768 -48.059 -269.846 33.012 -40.5 -246.1 -8.5
21.788 21.788 -42.435 -266.17102 34.949 -40.5 -246.1 -8.5
21.808 21.808 -37.618 -261.969 35.942 -40.5 -246.1 -8.5
21.828 21.828 -30.521 -257.569 35.998 -40.5 -246.1 -8.5
21.849 21.848 -26.45 -248.138 36.035 -40.5 -246.1 -8.5
21.869 21.868 -24.135 -243.423 36.062 -40.5 -246.1 -8.5
21.889 21.888 -21.719 -238.638 32.937 -40.5 -246.1 -8.5
21.908 21.908 -23.631998 -233.94 32.920998 -41.1 -245.6 -9.1
21.928 21.928 -26.105999 -228.748 33.226997 -41.1 -245.6 -9.1
21.949 21.948 -25.955 -222.483 31.039001 -41.0 -245.7 -8.8
21.968 21.968 -30.306 -216.735 28.492 -41.0 -245.7 -8.8
21.989 21.988 -32.917 -212.101 23.760002 -41.0 -245.7 -8.8
22.008 22.008 -35.248 -207.29599 19.346 -41.0 -245.7 -8.8
22.029 22.028 -37.616 -204.696 15.252 -41.0 -245.7 -8.8
22.050 22.048 -44.365 -200.344 7.9779997 -41.0 -245.7 -8.8
22.068 22.068 -47.347 -198.77899 5.132 -41.0 -245.7 -8.8
22.088 22.088 -50.29 -198.502 0.39699936 -41.0 -245.7 -8.8
22.108 22.108 -52.447 -198.60199 -2.44 -41.0 -245.7 -8.8
22.130 22.128 -55.996002 -199.86 -6.2429996 -41.0 -245.3 -8.9
22.149 22.148 -60.676 -200.79901 -10.057 -40.6 -246.1 -10.6
22.168 22.168 -64.555 -203.259 -12.918 -40.6 -246.1 -10.6
22.189 22.188 -67.602 -206.046 -15.773001 -40.6 -246.1 -10.6
22.208 22.208 -70.897995 -209.48001 -19.892 -40.6 -246.1 -10.6
22.229 22.228 -73.343 -213.07101 -24.321 -40.6 -246.1 -10.6
22.248 22.248 -77.576996 -221.067 -27.501 -40.6 -246.1 -10.6
22.269 22.268 -80.481995 -225.447 -26.906 -40.6 -246.1 -10.6
22.288 22.288 -83.657 -230.84201 -26.949001 -40.6 -246.1 -10.6
22.308 22.308 -84.606995 -238.237 -26.961 -40.6 -246.1 -10.6
22.329 22.328 -85.917 -246.19 -24.787 -40.6 -246.1 -10.6
22.350 22.348 -85.23801 -254.296 -22.9 -40.4 -246.1 -10.5
22.369 22.368 -85.779 -262.63098 -18.818 -41.0 -245.7 -8.9
22.388 22.388 -82.908005 -269.95 -14.716 -41.0 -245.7 -8.9
22.408 22.408 -78.616 -277.253 -11.229 -41.0 -245.7 -8.9
22.429 22.428 -66.24 -288.263 -6.4279995 -41.0 -245.7 -8.9
22.449 22.448 -58.433 -292.3 -5.7509995 -41.0 -245.7 -8.9
22.468 22.468 -49.717 -294.809 -6.0079994 -41.0 -245.7 -8.9
22.488 22.488 -41.006 -295.139 -5.3199997 -41.0 -245.7 -8.9
22.508 22.508 -32.757 -293.569 -6.8489995 -41.0 -245.7 -8.9
22.529 22.528 -25.668 -292.036 -7.115 -41.0 -245.7 -8.9
22.549 22.548 -19.717001 -289.35 -6.451 -39.9 -246.2 -10.1
22.569 22.568 -14.097002 -284.70898 -3.2710004 -39.9 -246.2 -10.1
22.588 22.588 -9.780001 -281.31 -4.498 -39.9 -246.2 -10.1
22.608 22.608 -5.571003 -276.665 -1.316 -39.9 -246.2 -10.1
22.629 22.628 -1.0040016 -265.954 1.8589993 -39.9 -246.2 -10.1
22.648 22.648 1.2559967 -258.607 5.0249996 -39.9 -246.2 -10.1
22.668 22.668 1.572998 -251.756 7.226 -39.9 -246.2 -10.1
22.688 22.688 1.6609993 -245.86 6.9189987 -39.9 -246.2 -10.1
22.708 22.708 0.8519974 -239.515 8.8029995 -39.9 -246.2 -10.1
22.728 22.728 0.57300186 -234.351 11.0130005 -42.3 -246.0 -8.5
22.749 22.748 -2.7190018 -229.476 10.674 -41.0 -245.5 -9.1
22.768 22.768 -3.4970016 -223.934 10.984999 -41.0 -245.5 -9.1
22.788 22.788 -5.621002 -218.681 9.3949995 -41.4 -245.8 -9.2
22.808 22.808 -8.629002 -213.795 8.433 -41.4 -245.8 -9.2
22.828 22.828 -14.335001 -208.32 3.9870005 -41.4 -245.8 -9.2
22.849 22.848 -15.809002 -205.503 -1.6829996 -41.4 -245.8 -9.2
22.869 22.868 -19.315002 -203.063 -5.4919996 -41.4 -245.8 -9.2
22.888 22.888 -21.416002 -200.633 -9.282 -41.4 -245.8 -9.2
22.908 22.908 -24.940002 -199.196 -13.091 -41.4 -245.8 -9.2
22.931 22.928 -27.617 -198.60501 -17.209 -41.4 -245.8 -9.2
22.949 22.948 -31.439001 -199.02701 -21.328 -41.4 -245.8 -9.2
22.968 22.968 -34.196003 -199.998 -23.237999 -41.4 -245.8 -9.2
22.989 22.988 -37.719 -200.4 -27.983002 -41.4 -245.8 -9.2
23.009 23.008 -43.182003 -203.616 -34.957 -41.4 -245.8 -9.2
23.028 23.028 -46.806 -206.78 -37.187 -41.4 -245.8 -9.2
23.049 23.048 -51.535004 -210.23001 -40.69 -41.4 -245.8 -9.2
23.068 23.068 -54.345 -214.73401 -42.918 -41.4 -245.8 -9.2
23.088 23.088 -58.232002 -219.35501 -46.72 -41.4 -245.8 -9.2
23.109 23.108 -59.684002 -224.20401 -47.677002 -41.4 -245.8 -9.2
23.128 23.128 -61.733 -230.255 -47.7 -41.4 -245.8 -9.2
23.149 23.148 -63.736 -235.431 -49.285 -41.4 -245.8 -9.2
23.169 23.168 -63.504 -241.285 -50.236 -41.4 -245.8 -9.2
23.189 23.188 -63.602 -247.17 -49.936 -41.4 -245.8 -9.2
23.208 23.208 -65.523 -259.321 -48.068 -41.4 -245.8 -9.2
23.230 23.228 -65.986 -264.452 -44.940002 -41.4 -245.8 -9.2
23.249 23.248 -65.585 -268.384 -42.109 -41.4 -245.8 -9.2
23.268 23.268 -66.417 -273.412 -36.146 -41.4 -245.8 -9.2
23.288 23.288 -67.668 -278.517 -34.914 -41.4 -245.8 -9.2
23.308 23.308 -67.634 -280.868 -28.310001 -41.4 -245.8 -9.2
23.329 23.328 -66.783005 -283.078 -20.75 -41.4 -245.8 -9.2
23.349 23.348 -66.459 -286.087 -14.777 -41.4 -245.8 -9.2
23.369 23.368 -63.876 -288.261 -8.455 -41.4 -245.8 -9.2
23.389 23.388 -58.118004 -288.578 5.4309998 -41.4 -245.8 -9.2
23.408 23.408 -54.924004 -287.391 11.751 -41.4 -245.8 -9.2
23.429 23.428 -51.947002 -285.31 16.501999 -41.4 -245.8 -9.2
23.448 23.448 -48.7 -282.93 21.891998 -41.4 -245.8 -9.2
23.469 23.468 -45.928 -279.961 24.438 -41.4 -245.8 -9.2
23.488 23.488 -43.464 -277.019 28.246998 -41.4 -245.8 -9.2
23.511 23.508 -42.083 -272.545 31.101997 -41.4 -245.8 -9.2
23.531 23.529 -40.712 -268.746 33.957 -41.4 -245.8 -9.2
23.548 23.548 -39.007 -264.404 35.245 -42.4 -244.9 -8.0
23.569 23.568 -36.738003 -259.061 37.154 -42.4 -244.9 -8.0
23.589 23.588 -36.062 -246.472 38.746 -42.4 -244.9 -8.0
23.609 23.608 -35.361 -241.04001 36.863 -41.7 -245.6 -8.7
23.628 23.628 -33.926003 -235.36401 38.774998 -41.7 -245.6 -8.7
23.649 23.648 -36.402 -231.498 38.459 -41.7 -245.6 -8.7
23.669 23.668 -40.27 -228.457 37.177 -41.7 -245.6 -8.7
23.689 23.688 -41.253002 -224.69 34.034 -41.7 -245.6 -8.7
23.708 23.708 -41.778 -221.001 34.674 -41.7 -245.6 -8.7
23.728 23.728 -43.824 -218.188 28.994 -41.7 -245.6 -8.7
23.748 23.748 -46.507 -214.599 26.151001 -41.7 -245.6 -8.7
23.769 23.768 -48.086002 -211.35701 23.954998 -41.7 -245.6 -8.7
23.788 23.788 -51.205 -206.51201 17.640999 -41.7 -245.6 -8.7
23.808 23.808 -54.921 -204.848 11.012 -41.7 -245.6 -8.7
23.829 23.828 -54.71 -201.858 5.674 -41.7 -245.6 -8.7
23.848 23.848 -55.96 -200.39801 1.2700005 -41.7 -245.6 -8.7
23.868 23.868 -56.861 -200.89401 -6.2669997 -41.7 -245.6 -8.7
23.888 23.888 -57.783 -200.406 -12.561 -41.7 -245.6 -8.7
23.908 23.908 -60.533 -202.52101 -15.408 -41.7 -245.6 -8.7
23.928 23.928 -64.656 -205.60701 -20.156 -41.7 -245.6 -8.7
23.949 23.948 -67.1 -210.034 -24.896 -41.7 -245.6 -8.7
23.969 23.968 -68.925 -214.925 -31.208 -37.9 -245.2 -10.1
23.989 23.988 -72.806 -224.519 -37.54 -37.9 -245.2 -10.1
24.008 24.008 -74.017 -229.378 -37.863 -41.6 -245.6 -8.7
24.029 24.028 -74.897995 -233.89801 -38.832 -41.6 -245.6 -8.7
24.049 24.048 -76.932 -239.25601 -39.494 -41.6 -245.6 -8.7
24.068 24.068 -76.959 -242.60901 -40.135 -41.6 -245.6 -8.7
24.089 24.088 -78.736 -247.49301 -39.852 -41.6 -245.6 -8.7
24.108 24.108 -79.649 -249.695 -38.922 -41.6 -245.6 -8.7
24.128 24.128 -79.496994 -253.12001 -36.421 -41.6 -245.6 -8.7
24.148 24.148 -80.806 -257.081 -32.347 -41.6 -245.6 -8.7
24.170 24.168 -79.439 -268.311 -26.690998 -39.4 -245.5 -9.7
24.188 24.188 -76.786 -274.421 -24.17 -39.4 -245.5 -9.7
24.209 24.208 -72.68 -279.988 -23.21 -39.4 -245.5 -9.7
24.228 24.228 -69.209 -285.118 -19.414 -39.4 -245.5 -9.7
24.248 24.248 -63.133003 -289.019 -17.179 -39.4 -245.5 -9.7
24.268 24.268 -56.775 -292.605 -14.943 -39.4 -245.5 -9.7
24.288 24.288 -49.530003 -293.81702 -12.696 -39.4 -245.5 -9.7
24.308 24.308 -41.188 -294.88 -9.4939995 -39.4 -245.5 -9.7
24.328 24.328 -35.367 -294.801 -5.9989996 -39.4 -245.5 -9.7
24.349 24.348 -27.267002 -292.335 -2.4729996 -39.4 -245.5 -9.7
24.369 24.368 -17.521002 -285.919 4.826 -39.4 -245.5 -9.7
24.388 24.388 -13.073002 -280.974 9.263 -39.4 -245.5 -9.7
24.410 24.408 -11.438999 -275.701 13.7 -41.5 -246.0 -8.7
24.428 24.428 -9.497002 -270.91 17.177002 -41.5 -246.0 -8.7
24.448 24.448 -8.928001 -266.594 19.083 -41.5 -246.0 -8.7
24.468 24.468 -9.0060005 -261.67 24.125 -41.5 -246.0 -8.7
24.489 24.488 -9.792999 -257.481 24.440998 -41.5 -246.0 -8.7
24.508 24.508 -9.973 -251.25 24.130001 -41.5 -246.0 -8.7
24.529 24.528 -9.952999 -245.415 26.347 -41.5 -246.0 -8.7
24.548 24.548 -11.594999 -239.399 27.600998 -41.5 -246.0 -8.7
24.568 24.568 -14.171 -225.895 25.701 -41.5 -246.0 -8.7
24.588 24.588 -17.375 -219.603 22.855999 -41.5 -246.0 -8.7
24.608 24.608 -20.55 -214.294 18.745998 -41.5 -246.0 -8.7
24.628 24.628 -23.765 -207.847 16.207 -41.5 -246.0 -8.7
24.648 24.648 -26.673 -204.376 11.787 -41.5 -246.0 -8.7
24.668 24.668 -29.015 -201.571 6.7280006 -41.5 -246.0 -8.7
24.688 24.688 -29.435001 -200.618 2.644 -41.5 -246.0 -8.7
24.709 24.708 -29.039 -199.695 -0.17599964 -41.5 -246.0 -8.7
24.728 24.728 -29.739 -198.423 -4.272 -41.5 -246.0 -8.7
24.748 24.748 -32.816 -197.87799 -13.7439995 -41.5 -246.0 -8.7
24.768 24.768 -34.669 -198.615 -17.853 -41.5 -246.0 -8.7
24.788 24.788 -37.31 -199.989 -23.862999 -41.5 -246.0 -8.7
24.808 24.808 -39.112003 -202.198 -30.173 -40.9 -245.7 -9.0
24.828 24.828 -42.58 -206.386 -38.393997 -40.9 -245.7 -9.0
24.848 24.848 -45.292 -211.64 -44.078 -40.9 -245.7 -9.0
24.868 24.868 -48.064003 -218.614 -48.517 -40.9 -245.7 -9.0
24.889 24.888 -49.197002 -226.275 -51.675 -40.9 -245.7 -9.0
24.909 24.908 -50.620003 -233.774 -54.525 -40.9 -245.7 -9.0
24.929 24.928 -53.825 -242.022 -54.87 -40.9 -245.7 -9.0
24.948 24.948 -56.456 -259.64398 -50.481 -40.9 -245.7 -9.0
24.968 24.968 -56.693 -268.149 -46.722 -40.9 -245.7 -9.0
24.988 24.988 -56.643 -275.813 -42.636 -40.9 -245.7 -9.0
25.008 25.008 -56.385002 -281.371 -35.711 -40.9 -245.7 -9.0
25.028 25.028 -56.076 -286.066 -29.73 -40.9 -245.7 -9.0
25.048 25.048 -54.105003 -289.777 -22.483 -40.9 -245.7 -9.0
25.068 25.068 -52.681 -291.976 -14.916 -40.9 -245.7 -9.0
25.088 25.088 -50.737 -293.211 -5.455 -40.9 -245.7 -9.0
25.108 25.108 -47.618 -291.57 3.7010002 -40.9 -245.7 -9.0
25.128 25.128 -43.194 -286.832 17.6 -40.9 -245.7 -9.0
25.148 25.148 -40.192 -283.566 22.032 -40.9 -245.7 -9.0
25.168 25.168 -38.832 -278.607 25.827 -40.9 -245.7 -9.0
25.188 25.188 -36.385002 -274.176 30.580002 -40.9 -245.7 -9.0
25.209 25.208 -36.876 -267.454 31.211 -41.1 -245.8 -8.9
25.229 25.228 -38.400997 -261.219 37.509003 -41.1 -245.8 -8.9
25.248 25.248 -38.024 -254.314 37.194 -41.1 -245.8 -8.9
25.268 25.268 -43.065 -246.63501 39.051003 -41.1 -245.8 -8.9
25.288 25.288 -46.911 -238.90201 39.026 -41.1 -245.8 -8.9
25.309 25.308 -50.975998 -230.951 36.800003 -41.1 -245.8 -8.9
25.329 25.328 -60.679 -219.633 26.636 -41.1 -245.8 -8.9
25.348 25.348 -67.464 -216.46 19.022001 -41.1 -245.8 -8.9
25.368 25.368 -70.654 -215.49901 13.011 -41.1 -245.8 -8.9
25.389 25.388 -74.382 -215.176 5.7460003 -41.1 -245.8 -8.9
25.408 25.408 -77.86 -216.226 -0.8899994 -41.1 -245.8 -8.9
25.428 25.428 -81.019 -220.72 -10.361 -41.1 -245.4 -8.9
25.449 25.448 -83.937 -228.111 -19.513 -41.1 -245.4 -8.9
25.469 25.468 -83.59 -236.905 -25.487999 -41.1 -245.4 -8.9
25.488 25.488 -81.184 -245.775 -34.287 -41.1 -245.4 -8.9
25.509 25.508 -75.494 -254.89299 -39.583 -41.1 -245.4 -8.9
25.528 25.528 -61.179 -269.888 -43.885002 -41.1 -245.4 -8.9
25.548 25.548 -53.639 -274.238 -43.196 -41.1 -245.4 -8.9
25.568 25.568 -43.719997 -274.488 -45.006996 -41.1 -245.4 -8.9
25.588 25.588 -31.228998 -272.051 -46.184998 -41.1 -245.4 -8.9
25.608 25.608 -20.116 -264.757 -46.421997 -41.1 -245.4 -8.9
25.628 25.628 -12.736998 -257.041 -43.862 -40.6 -245.2 -8.5
25.648 25.648 -9.781 -246.259 -43.215004 -41.3 -245.7 -8.6
25.668 25.668 -7.736 -236.19499 -40.697 -41.3 -245.7 -8.6
25.690 25.688 -8.3429985 -227.383 -35.35 -41.3 -245.7 -8.6
25.709 25.708 -8.094997 -219.565 -30.629 -41.3 -245.7 -8.6
25.728 25.728 -13.924 -209.537 -20.28 -41.3 -245.7 -8.6
25.748 25.748 -18.460999 -206.399 -18.115002 -41.3 -245.7 -8.6
25.769 25.768 -22.172998 -203.274 -15.303 -41.3 -245.7 -8.6
25.788 25.788 -26.224998 -200.847 -11.247001 -41.3 -245.7 -8.6
25.808 25.808 -31.331999 -198.56 -9.403 -41.3 -245.7 -8.6
25.828 25.828 -37.585003 -197.61 -7.5579996 -41.4 -245.8 -8.4
25.848 25.848 -44.364002 -197.806 -7.3079996 -41.4 -245.8 -8.4
25.868 25.868 -48.931 -199.038 -6.4009995 -41.4 -245.8 -8.4
25.888 25.888 -50.433002 -198.778 -3.2779994 -41.4 -245.8 -8.4
25.909 25.908 -54.709 -199.832 -2.0539994 -41.4 -245.8 -8.4
25.928 25.928 -56.069 -200.47 -3.9619994 -41.4 -245.8 -8.4
25.948 25.948 -57.14 -200.271 -5.5499997 -41.4 -245.8 -8.4
25.970 25.968 -57.871002 -200.51001 -9.344 -41.4 -245.8 -8.4
25.988 25.988 -59.139 -200.758 -13.763 -41.4 -245.8 -8.4
26.009 26.008 -60.734 -202.349 -17.554 -41.4 -245.8 -8.4
26.028 26.028 -62.328003 -204.126 -21.025 -41.4 -245.8 -8.4
26.049 26.048 -65.641 -207.255 -24.514 -41.4 -245.8 -8.4
26.069 26.068 -68.944 -211.703 -28.629 -41.6 -245.7 -8.6
26.088 26.088 -71.687996 -216.158 -32.738 -41.6 -245.6 -8.2
26.109 26.108 -75.695 -228.526 -35.904 -41.6 -245.6 -8.2
26.129 26.128 -78.878 -236.421 -36.237 -41.6 -245.6 -8.2
26.149 26.148 -80.354004 -242.623 -36.559 -41.6 -245.6 -8.2
26.168 26.168 -80.236 -248.714 -34.033 -41.6 -245.6 -8.2
26.189 26.188 -81.255 -256.32602 -31.834 -41.6 -245.6 -8.2
26.209 26.208 -80.018 -262.415 -29.308998 -41.6 -245.6 -8.2
26.228 26.228 -79.69 -268.721 -25.217 -41.6 -245.6 -8.2
26.248 26.248 -77.35899 -274.35602 -21.738998 -41.6 -245.6 -8.2
26.269 26.268 -75.823 -277.635 -18.895 -41.6 -245.6 -8.2
26.289 26.288 -72.926 -280.44 -14.473 -41.7 -245.3 -8.3
26.309 26.308 -69.725 -284.741 -10.981 -41.7 -245.3 -8.3
26.328 26.328 -68.478 -285.537 -6.565 -41.7 -245.3 -8.3
26.348 26.348 -66.354004 -286.641 -3.4 -41.7 -245.3 -8.3
26.368 26.368 -66.144 -286.557 -1.1890001 -41.7 -245.3 -8.3
26.389 26.388 -66.272 -285.327 3.2089996 -41.7 -245.3 -8.3
26.409 26.408 -69.082 -283.526 3.5100002 -41.7 -245.3 -8.3
26.428 26.428 -71.613 -280.37 4.4349995 -41.7 -245.3 -8.3
26.449 26.448 -74.998 -277.401 5.668 -41.7 -245.3 -8.3
26.469 26.468 -78.372 -273.756 6.8999996 -41.7 -245.3 -8.3
26.488 26.488 -82.965 -265.14 4.024 -41.7 -245.3 -8.3
26.510 26.508 -84.547 -262.25 1.8129997 -41.7 -245.4 -8.5
26.528 26.528 -86.682 -257.525 -0.092999935 -41.7 -245.5 -7.6
26.549 26.548 -88.18 -254.085 -4.495 -41.7 -245.5 -7.6
26.569 26.568 -88.614 -250.344 -7.0179996 -41.7 -245.5 -7.6
26.589 26.588 -88.115005 -247.719 -12.976 -41.7 -245.5 -7.6
26.608 26.608 -87.676 -248.29 -17.980999 -41.7 -245.5 -7.6
26.629 26.628 -86.406006 -249.202 -22.973 -41.7 -245.5 -7.6
26.649 26.648 -84.653 -250.826 -26.066 -41.7 -245.5 -7.6
26.668 26.668 -83.152 -253.761 -30.395 -41.7 -245.5 -7.6
26.688 26.688 -78.363 -257.027 -33.436 -41.7 -245.5 -7.6
26.709 26.708 -77.162994 -257.81702 -36.196 -41.0 -245.3 -7.7
26.728 26.728 -75.466 -259.288 -37.716 -41.0 -245.3 -7.7
26.748 26.748 -74.022995 -259.91 -39.558 -41.0 -245.3 -7.7
26.768 26.768 -72.843 -259.868 -41.421 -41.0 -245.3 -7.7
26.789 26.788 -70.824 -259.973 -43.606 -41.0 -245.3 -7.7
26.808 26.808 -69.976 -260.446 -43.947002 -41.0 -245.3 -7.7
26.828 26.828 -68.854996 -260.931 -44.293 -41.6 -245.5 -7.8
26.851 26.848 -68.252 -261.222 -45.571 -41.6 -245.5 -7.8
26.868 26.868 -67.701 -261.378 -45.291 -41.6 -245.5 -7.8
26.888 26.888 -65.448 -262.339 -45.933 -41.6 -245.5 -7.8
26.908 26.908 -63.954 -261.263 -48.444 -41.6 -245.5 -7.8
26.928 26.928 -63.642998 -261.398 -49.397 -41.6 -245.5 -7.8
26.948 26.948 -62.806 -261.385 -49.417 -41.6 -245.5 -7.8
26.969 26.968 -63.155 -260.752 -46.939 -41.6 -245.5 -7.8
26.988 26.988 -63.96 -262.037 -48.818 -41.6 -245.5 -7.8
27.009 27.008 -63.113 -262.18298 -49.14 -40.9 -245.7 -8.3
27.029 27.028 -63.162003 -261.854 -47.91 -40.9 -245.7 -8.3
27.048 27.048 -63.996002 -261.182 -47.916 -40.9 -245.7 -8.3
27.068 27.068 -66.741 -259.513 -48.561 -40.9 -245.7 -8.3
27.089 27.088 -67.383 -259.076 -45.784 -40.9 -245.7 -8.3
27.108 27.108 -68.478 -258.904 -46.11 -40.9 -245.7 -8.3
27.128 27.128 -68.770004 -258.745 -45.805 -40.9 -245.7 -8.3
27.148 27.148 -69.877 -257.813 -44.617 -40.9 -245.7 -8.3
27.168 27.168 -70.963 -257.86 -43.437 -40.9 -245.7 -8.3
27.188 27.188 -73.045 -257.913 -42.905 -40.9 -245.7 -8.3
27.209 27.208 -74.211 -257.428 -41.071 -43.1 -247.3 -9.1
27.228 27.228 -75.318 -257.352 -41.736 -41.5 -245.7 -8.5
27.248 27.248 -74.334 -257.016 -39.813 -41.3 -245.928 -8.442
27.268 27.268 -75.895004 -256.758 -39.803 -41.3 -245.928 -8.442
27.288 27.288 -75.85899 -256.108 -39.116 -41.3 -245.928 -8.442
27.308 27.308 -76.819 -255.112 -39.327 -41.3 -245.928 -8.442
27.328 27.328 -77.763 -255.104 -37.943 -41.5 -245.7 -8.5
27.348 27.348 -79.501 -254.885 -35.826 -41.3 -245.928 -8.442
27.368 27.368 -79.616 -254.78 -33.915 -41.3 -245.928 -8.442
27.389 27.388 -80.879 -255.851 -33.665 -41.3 -245.928 -8.442
27.408 27.408 -81.384 -256.423 -32.318 -41.3 -245.928 -8.442
27.429 27.428 -80.182 -257.095 -34.172 -41.3 -245.928 -8.442
27.449 27.448 -80.858 -256.802 -32.342 -41.3 -245.928 -8.442
27.468 27.468 -80.459 -258.32 -32.246002 -41.3 -245.928 -8.442
27.488 27.488 -79.5 -258.776 -31.872002 -41.3 -245.928 -8.442
27.509 27.508 -80.07 -259.076 -31.832 -41.3 -245.928 -8.442
27.532 27.528 -79.630005 -259.083 -30.632 -41.3 -245.928 -8.442
27.549 27.548 -80.188995 -259.24 -30.321 -41.3 -245.928 -8.442
27.568 27.568 -81.226 -259.82 -31.442001 -41.3 -245.928 -8.442
27.589 27.588 -80.534 -258.777 -29.427002 -41.3 -245.928 -8.442
27.608 27.608 -80.266 -258.415 -30.568 -41.3 -245.928 -8.442
27.628 27.628 -80.764 -259.414 -31.428001 -41.3 -245.928 -8.442
27.649 27.648 -78.985 -259.305 -33.615 -41.3 -245.928 -8.442
27.669 27.668 -78.296 -259.94098 -33.842 -41.3 -245.928 -8.442
27.689 27.688 -77.826996 -259.005 -35.87 -41.3 -245.928 -8.442
27.708 27.708 -78.369995 -258.962 -34.787 -41.3 -245.928 -8.442
27.728 27.728 -78.216 -258.96298 -35.855 -41.3 -245.928 -8.442
27.748 27.748 -78.754 -259.009 -35.027 -41.3 -245.928 -8.442
27.768 27.768 -78.306 -259.29498 -36.005 -41.3 -245.928 -8.442
27.788 27.788 -78.611 -259.096 -35.197 -41.3 -245.928 -8.442
27.809 27.808 -78.072 -258.833 -35.316 -41.3 -245.928 -8.442
27.829 27.828 -77.392 -258.897 -35.931 -41.3 -245.928 -8.442
27.848 27.848 -77.693 -259.115 -36.254 -41.3 -245.928 -8.442
27.868 27.868 -77.58099 -259.034 -36.387 -41.3 -245.928 -8.442
27.888 27.888 -76.713 -258.646 -36.507 -41.3 -245.928 -8.442
27.908 27.908 -76.166 -258.606 -37.206 -41.3 -245.928 -8.442
27.928 27.928 -75.147 -258.197 -38.085 -41.3 -245.928 -8.442
27.949 27.948 -74.725 -258.284 -39.498 -41.3 -245.928 -8.442
27.969 27.968 -73.925995 -258.258 -41.283 -41.3 -245.928 -8.442
27.988 27.988 -73.354004 -258.001 -42.233 -41.3 -245.928 -8.442
28.008 28.008 -73.558 -257.992 -42.065002 -41.3 -245.928 -8.442
28.028 28.028 -71.825 -256.419 -42.387 -41.3 -245.928 -8.442
28.049 28.048 -71.129 -255.913 -43.404003 -41.3 -245.928 -8.442
28.068 28.068 -71.522 -255.256 -45.189003 -41.3 -245.928 -8.442
28.088 28.088 -70.409 -254.721 -45.714 -41.3 -245.928 -8.442
28.108 28.108 -70.52 -255.07799 -45.661003 -41.3 -245.928 -8.442
28.128 28.128 -70.477 -254.097 -44.465 -41.3 -245.928 -8.442
28.148 28.148 -69.139 -253.409 -46.712 -41.3 -245.928 -8.442
28.169 28.168 -69.253 -253.345 -47.359 -41.3 -245.928 -8.442
28.188 28.188 -68.647 -252.55699 -48.785 -41.3 -245.928 -8.442
28.209 28.208 -68.104004 -251.96599 -48.908 -41.3 -245.928 -8.442
28.228 28.228 -66.556 -250.469 -49.024002 -41.3 -245.928 -8.442
28.249 28.248 -65.656 -250.47299 -50.518 -41.3 -245.928 -8.442
28.269 28.268 -65.792 -250.512 -50.926003 -41.3 -245.928 -8.442
28.288 28.288 -64.897 -249.95099 -51.894 -41.3 -245.928 -8.442
28.308 28.308 -63.6 -250.305 -51.732002 -41.3 -245.928 -8.442
28.329 28.328 -62.982 -249.362 -51.851 -41.3 -245.928 -8.442
28.349 28.348 -62.906998 -248.73299 -51.918003 -41.3 -245.928 -8.442
28.368 28.368 -62.869 -248.40799 -50.888 -41.3 -245.928 -8.442
28.388 28.388 -61.573997 -248.056 -52.032 -41.3 -245.928 -8.442
28.408 28.408 -61.487 -248.137 -52.894 -41.3 -245.928 -8.442
28.429 28.428 -60.997 -247.018 -52.712997 -41.7 -245.6 -8.6
28.448 28.448 -59.927002 -246.503 -53.591003 -41.7 -245.6 -8.6
28.468 28.468 -59.916 -246.643 -52.814003 -41.7 -245.6 -8.6
28.488 28.488 -60.112 -246.30501 -53.386 -41.7 -245.6 -8.6
28.509 28.508 -61.057 -246.73001 -53.17 -41.7 -245.6 -8.6
28.528 28.528 -61.333 -246.354 -51.375 -41.7 -245.6 -8.6
28.548 28.548 -60.342003 -245.60901 -53.202003 -41.7 -245.6 -8.6
28.569 28.568 -60.095 -245.99901 -52.972 -41.7 -245.6 -8.6
28.588 28.588 -60.306 -245.684 -52.997 -41.7 -245.6 -8.6
28.608 28.608 -60.307 -245.82 -53.241997 -41.7 -245.6 -8.6
28.630 28.628 -60.105003 -245.56801 -53.724 -41.7 -245.6 -8.6
28.648 28.648 -60.512 -245.10101 -52.861 -41.7 -245.6 -8.6
28.668 28.668 -60.113 -245.34601 -52.879997 -41.7 -245.6 -8.6
28.688 28.688 -60.443 -245.32 -54.132004 -41.7 -245.6 -8.6
28.712 28.708 -60.302002 -244.873 -52.767 -41.7 -245.6 -8.6
28.729 28.728 -60.399002 -245.216 -53.184998 -41.7 -245.6 -8.6
28.749 28.748 -60.148003 -245.3 -52.665 -41.7 -245.6 -8.6
28.769 28.768 -60.438004 -245.664 -53.072998 -41.7 -245.6 -8.6
28.788 28.788 -60.42 -245.632 -53.018997 -41.7 -245.6 -8.6
28.808 28.808 -60.4 -245.70001 -53.199997 -41.7 -245.6 -8.6
28.828 28.828 -60.1 -245.6 -53.199997 -41.7 -245.6 -8.6
28.848 28.848 -60.0 -245.40001 -53.300003 -41.7 -245.6 -8.6
28.868 28.868 -59.800003 -245.3 -53.300003 -41.7 -245.6 -8.6
28.888 28.888 -59.6 -245.1 -53.300003 -41.7 -245.6 -8.6
28.908 28.908 -59.5 -245.0 -53.300003 -41.7 -245.6 -8.6
28.929 28.928 -59.4 -244.90001 -53.4 -41.7 -245.6 -8.6
28.948 28.948 -59.300003 -244.8 -53.4 -41.7 -245.6 -8.6
28.968 28.968 -59.2 -244.70001 -53.4 -41.7 -245.6 -8.6
28.988 28.988 -59.2 -244.70001 -53.4 -41.7 -245.6 -8.6
29.009 29.008 -59.2 -244.6 -53.4 -41.7 -245.6 -8.6
29.028 29.028 -59.2 -244.6 -53.4 -41.7 -245.6 -8.6
29.048 29.048 -59.300003 -244.6 -53.4 -41.7 -245.6 -8.6
29.068 29.068 -59.300003 -244.6 -53.4 -41.7 -245.6 -8.6
29.089 29.088 -59.300003 -244.6 -53.4 -41.7 -245.6 -8.6
29.108 29.108 -59.300003 -244.6 -53.4 -41.7 -245.6 -8.6
29.128 29.128 -59.4 -244.6 -53.5 -41.7 -245.6 -8.6
29.148 29.148 -59.4 -244.6 -53.5 -41.7 -245.6 -8.6
29.168 29.168 -59.4 -244.6 -53.5 -41.7 -245.6 -8.6
29.189 29.188 -59.5 -244.70001 -53.5 -41.7 -245.6 -8.6
29.208 29.208 -59.5 -244.70001 -53.6 -41.7 -245.6 -8.6
29.229 29.228 -59.6 -244.70001 -53.6 -41.7 -245.6 -8.6
29.248 29.248 -59.6 -244.8 -53.6 -41.7 -245.6 -8.6
29.268 29.268 -59.7 -244.8 -53.5 -41.7 -245.6 -8.6
29.288 29.288 -59.7 -244.90001 -53.5 -41.7 -245.6 -8.6
29.308 29.308 -59.7 -244.90001 -53.5 -41.7 -245.6 -8.6
29.329 29.328 -59.800003 -245.0 -53.4 -41.7 -245.6 -8.6
29.348 29.348 -59.9 -245.1 -53.5 -41.7 -245.6 -8.6
29.368 29.368 -60.0 -245.1 -53.4 -41.7 -245.6 -8.6
29.389 29.388 -60.1 -245.20001 -53.5 -41.7 -245.6 -8.6
29.408 29.408 -60.1 -245.3 -53.5 -41.7 -245.6 -8.6
29.429 29.428 -60.2 -245.3 -53.5 -41.7 -245.6 -8.6
29.449 29.448 -60.2 -245.40001 -53.4 -41.7 -245.6 -8.6
29.468 29.468 -60.300003 -245.5 -53.4 -41.7 -245.6 -8.6
29.488 29.488 -60.4 -245.5 -53.4 -41.7 -245.6 -8.6
29.509 29.508 -60.4 -245.5 -53.5 -41.7 -245.6 -8.6
29.529 29.528 -60.5 -245.6 -53.4 -41.7 -245.6 -8.6
29.549 29.548 -60.6 -245.6 -53.4 -41.7 -245.6 -8.6
29.568 29.568 -60.6 -245.6 -53.4 -41.7 -245.6 -8.6
29.592 29.588 -60.7 -245.6 -53.4 -41.7 -245.6 -8.6
29.608 29.608 -60.800003 -245.6 -53.300003 -41.7 -245.6 -8.6
29.628 29.628 -60.800003 -245.6 -53.300003 -41.7 -245.6 -8.6
29.648 29.648 -60.9 -245.6 -53.199997 -41.7 -245.6 -8.6
29.668 29.668 -60.9 -245.6 -53.199997 -41.7 -245.6 -8.6
29.688 29.688 -61.0 -245.6 -53.199997 -41.7 -245.6 -8.6
29.708 29.708 -61.1 -245.70001 -53.1 -41.7 -245.6 -8.6
29.728 29.728 -61.2 -245.70001 -53.1 -41.7 -245.6 -8.6
29.748 29.748 -61.2 -245.70001 -53.0 -41.7 -245.6 -8.6
29.768 29.768 -61.300003 -245.70001 -52.9 -41.7 -245.6 -8.6
29.788 29.788 -61.300003 -245.70001 -52.800003 -41.7 -245.6 -8.6
29.809 29.808 -61.4 -245.70001 -52.699997 -41.7 -245.6 -8.6
29.829 29.828 -61.4 -245.70001 -52.699997 -41.7 -245.6 -8.6
29.848 29.848 -61.4 -245.70001 -52.699997 -41.7 -245.6 -8.6
29.868 29.868 -61.4 -245.70001 -52.699997 -41.7 -245.6 -8.6
29.892 29.888 -61.5 -245.70001 -52.699997 -41.7 -245.6 -8.6
29.909 29.908 -61.6 -245.70001 -52.699997 -41.7 -245.6 -8.6
29.928 29.928 -61.6 -245.8 -52.699997 -41.7 -245.6 -8.6
29.948 29.948 -61.6 -245.8 -52.699997 -41.7 -245.6 -8.6
29.968 29.968 -61.6 -245.70001 -52.699997 -41.7 -245.6 -8.6
29.988 29.988 -61.6 -245.70001 -52.699997 -41.7 -245.6 -8.6
30.008 30.008 -61.6 -245.70001 -52.699997 -41.7 -245.6 -8.6
30.029 30.028 -61.6 -245.8 -52.6 -41.7 -245.6 -8.6
30.048 30.048 -61.7 -245.8 -52.6 -41.7 -245.6 -8.6
30.068 30.068 -61.7 -245.8 -52.6 -41.7 -245.6 -8.6
30.088 30.088 -61.7 -245.8 -52.6 -41.7 -245.6 -8.6
30.109 30.108 -61.7 -245.8 -52.6 -41.7 -245.6 -8.6
30.128 30.128 -61.7 -245.8 -52.699997 -41.7 -245.6 -8.6
30.148 30.148 -61.7 -245.8 -52.699997 -41.7 -245.6 -8.6
30.168 30.168 -61.800003 -245.8 -52.699997 -41.7 -245.6 -8.6
30.189 30.188 -61.800003 -245.8 -52.6 -41.7 -245.6 -8.6
30.209 30.208 -61.800003 -245.8 -52.6 -41.7 -245.6 -8.6
30.228 30.228 -61.800003 -245.8 -52.6 -41.7 -245.6 -8.6
30.248 30.248 -61.800003 -245.8 -52.6 -41.7 -245.6 -8.6
30.268 30.268 -61.800003 -245.8 -52.6 -41.7 -245.6 -8.6
30.288 30.288 -61.800003 -245.8 -52.6 -41.7 -245.6 -8.6
30.308 30.308 -61.800003 -245.8 -52.6 -41.7 -245.6 -8.6
30.332 30.328 -61.9 -245.8 -52.5 -41.7 -245.6 -8.6
30.348 30.348 -61.9 -245.8 -52.5 -41.7 -245.6 -8.6
30.368 30.368 -62.0 -245.8 -52.5 -41.7 -245.6 -8.6
30.388 30.388 -62.0 -245.90001 -52.5 -41.7 -245.6 -8.6
30.408 30.408 -62.0 -245.90001 -52.5 -41.7 -245.6 -8.6
30.428 30.428 -62.0 -245.90001 -52.5 -41.7 -245.6 -8.6
30.448 30.448 -62.1 -245.90001 -52.5 -41.7 -245.6 -8.6
30.470 30.468 -62.1 -245.90001 -52.5 -41.7 -245.6 -8.6
