magnetometer-calibrated.txt

All values are in micro-Tesla (uT).
http://developer.android.com/guide/topics/sensors/sensors_overview.html

elapsed-time-system elapsed-time-sensor x y z
0.091 0.081 1.38 10.96 -35.44
0.109 0.101 0.82 11.29 -35.44
0.171 0.121 1.6000004 11.199997 -35.4
0.171 0.141 1.3999996 11.0 -33.799995
0.171 0.161 1.5 11.199997 -34.0
0.215 0.181 1.8000002 11.100006 -33.799995
0.215 0.201 1.8000002 11.0 -33.6
0.224 0.221 1.8999996 11.100006 -33.4
0.261 0.241 2.1000004 11.100006 -33.6
0.261 0.261 2.0 11.100006 -33.6
0.281 0.281 1.8999996 11.199997 -33.5
0.301 0.301 2.0 11.199997 -33.6
0.321 0.321 2.0 11.199997 -33.6
0.341 0.341 2.0 11.199997 -33.6
0.362 0.361 2.1000004 11.199997 -33.6
0.381 0.381 2.0 11.199997 -33.6
0.401 0.401 2.0 11.100006 -33.6
0.421 0.421 2.0 11.100006 -33.6
0.441 0.441 2.0 11.100006 -33.5
0.461 0.461 2.0 11.0 -33.5
0.481 0.481 2.0 11.100006 -33.5
0.501 0.501 2.0 11.100006 -33.5
0.521 0.521 1.8999996 11.100006 -33.5
0.541 0.541 1.8999996 11.100006 -33.5
0.582 0.561 1.8999996 11.100006 -33.6
0.582 0.581 1.8999996 11.100006 -33.5
0.601 0.601 1.8999996 11.100006 -33.5
0.621 0.621 1.8999996 11.100006 -33.5
0.641 0.641 1.8999996 11.100006 -33.5
0.661 0.661 1.8999996 11.100006 -33.5
0.681 0.681 1.8000002 11.100006 -33.6
0.701 0.701 1.8999996 11.100006 -33.6
0.721 0.721 1.8999996 11.100006 -33.5
0.741 0.741 1.8999996 11.100006 -33.6
0.761 0.761 1.8999996 11.100006 -33.6
0.781 0.781 1.8999996 11.100006 -33.6
0.801 0.801 1.8999996 11.100006 -33.6
0.821 0.821 1.8999996 11.100006 -33.700005
0.842 0.841 1.8000002 11.100006 -33.6
0.861 0.861 1.8000002 11.100006 -33.6
0.881 0.881 1.8000002 11.100006 -33.6
0.902 0.901 1.6999998 11.100006 -33.6
0.922 0.921 1.6999998 11.100006 -33.6
0.942 0.941 1.6999998 11.100006 -33.5
0.962 0.961 1.6000004 11.199997 -33.6
0.982 0.981 1.6000004 11.199997 -33.5
1.002 1.001 1.6000004 11.100006 -33.5
1.022 1.021 1.6000004 11.199997 -33.5
1.042 1.041 1.6000004 11.199997 -33.5
1.063 1.061 1.5 11.199997 -33.5
1.082 1.081 1.5 11.199997 -33.5
1.102 1.101 1.5 11.300003 -33.5
1.122 1.121 1.5 11.300003 -33.5
1.142 1.141 1.3999996 11.300003 -33.5
1.162 1.161 1.3999996 11.199997 -33.5
1.185 1.181 1.3999996 11.199997 -33.5
1.202 1.201 1.3999996 11.300003 -33.4
1.221 1.221 1.3999996 11.300003 -33.4
1.241 1.241 1.3000002 11.300003 -33.4
1.261 1.261 1.3000002 11.300003 -33.4
1.281 1.281 1.3000002 11.300003 -33.4
1.301 1.301 1.3000002 11.300003 -33.4
1.321 1.321 1.3000002 11.300003 -33.4
1.343 1.341 1.3000002 11.300003 -33.4
1.361 1.361 1.3000002 11.300003 -33.4
1.381 1.381 1.3000002 11.300003 -33.4
1.401 1.401 1.3000002 11.300003 -33.299995
1.422 1.421 1.1999998 11.300003 -33.299995
1.442 1.441 1.1999998 11.300003 -33.299995
1.464 1.461 1.1999998 11.300003 -33.299995
1.483 1.481 1.1999998 11.300003 -33.4
1.501 1.501 1.1999998 11.300003 -33.4
1.521 1.521 1.1999998 11.300003 -33.5
1.544 1.541 1.3000002 11.300003 -33.5
1.569 1.561 1.3000002 11.300003 -33.5
1.581 1.581 1.3000002 11.300003 -33.6
1.601 1.601 1.1999998 11.300003 -33.6
1.621 1.621 1.1999998 11.300003 -33.6
1.643 1.641 1.1999998 11.300003 -33.6
1.661 1.661 1.1999998 11.300003 -33.6
1.681 1.681 1.1999998 11.199997 -33.6
1.701 1.701 1.1999998 11.199997 -33.6
1.721 1.721 1.3000002 11.300003 -33.700005
1.741 1.741 1.3000002 11.300003 -33.700005
1.761 1.761 1.3000002 11.300003 -33.700005
1.781 1.781 1.3999996 11.300003 -33.700005
1.801 1.801 1.3999996 11.300003 -33.700005
1.821 1.821 1.3000002 11.300003 -33.799995
1.841 1.841 1.3999996 11.300003 -33.799995
1.861 1.861 1.3999996 11.399994 -33.799995
1.881 1.881 1.3999996 11.399994 -33.799995
1.903 1.901 1.3999996 11.300003 -33.799995
1.921 1.921 1.3999996 11.300003 -33.799995
1.941 1.941 1.3999996 11.399994 -33.799995
1.961 1.961 1.3999996 11.399994 -33.799995
1.981 1.981 1.3999996 11.399994 -33.700005
2.001 2.001 1.3999996 11.399994 -33.799995
2.021 2.021 1.3999996 11.399994 -33.700005
2.041 2.041 1.3999996 11.399994 -33.700005
2.061 2.061 1.3999996 11.399994 -33.799995
2.081 2.081 1.3999996 11.399994 -33.700005
2.101 2.101 1.3999996 11.399994 -33.700005
2.121 2.121 1.3000002 11.399994 -33.700005
2.141 2.141 1.3000002 11.399994 -33.700005
2.161 2.161 1.3000002 11.399994 -33.6
2.181 2.181 1.3999996 11.5 -33.6
2.201 2.201 1.3999996 11.399994 -33.700005
2.221 2.221 1.5 11.399994 -33.700005
2.241 2.241 1.5 11.5 -33.700005
2.261 2.261 1.5 11.5 -33.6
2.281 2.281 1.5 11.5 -33.6
2.301 2.301 1.5 11.5 -33.6
2.321 2.321 1.5 11.5 -33.6
2.341 2.341 1.3999996 11.5 -33.6
2.361 2.361 1.3999996 11.5 -33.6
2.381 2.381 1.3999996 11.5 -33.6
2.401 2.401 1.3000002 11.5 -33.6
2.421 2.421 1.3000002 11.5 -33.6
2.441 2.441 1.3000002 11.5 -33.6
2.461 2.461 1.3000002 11.5 -33.6
2.482 2.481 1.3000002 11.5 -33.5
2.501 2.501 1.1999998 11.5 -33.5
2.521 2.521 1.3000002 11.5 -33.6
2.541 2.541 1.3000002 11.5 -33.5
2.561 2.561 1.1999998 11.5 -33.6
2.581 2.581 1.1999998 11.5 -33.6
2.602 2.601 1.1999998 11.5 -33.6
2.621 2.621 1.1999998 11.5 -33.6
2.674 2.636 1.1999998 11.5 -33.700005
2.674 2.648 1.1999998 11.5 -33.700005
2.674 2.660 1.1999998 11.5 -33.6
2.681 2.670 1.1999998 11.5 -33.6
2.691 2.681 1.1999998 11.399994 -33.5
2.701 2.691 1.1999998 11.399994 -33.5
2.711 2.701 1.1999998 11.5 -33.5
2.721 2.711 1.1999998 11.5 -33.5
2.731 2.721 1.1999998 11.5 -33.5
2.741 2.731 1.1999998 11.5 -33.5
2.751 2.741 1.3000002 11.5 -33.5
2.761 2.751 1.3000002 11.5 -33.5
2.771 2.761 1.3000002 11.5 -33.5
2.784 2.772 1.3000002 11.5 -33.5
2.791 2.782 1.3000002 11.5 -33.5
2.802 2.791 1.3000002 11.5 -33.5
2.811 2.801 1.3000002 11.5 -33.4
2.821 2.811 1.3000002 11.5 -33.4
2.831 2.821 1.1999998 11.5 -33.5
2.841 2.831 1.1999998 11.5 -33.5
2.851 2.841 1.1999998 11.5 -33.5
2.861 2.851 1.1999998 11.5 -33.5
2.871 2.861 1.1999998 11.5 -33.5
2.881 2.871 1.1999998 11.5 -33.5
2.891 2.881 1.1999998 11.5 -33.5
2.901 2.891 1.1999998 11.5 -33.5
2.911 2.901 1.1999998 11.5 -33.5
2.921 2.911 1.1999998 11.5 -33.5
2.931 2.921 1.1000004 11.399994 -33.4
2.947 2.933 1.1000004 11.399994 -33.4
2.951 2.951 1.1999998 11.399994 -33.299995
2.961 2.961 1.1999998 11.399994 -33.299995
2.971 2.971 1.1999998 11.399994 -33.299995
2.981 2.981 1.1999998 11.399994 -33.299995
2.991 2.991 1.1999998 11.399994 -33.299995
3.001 3.001 1.1999998 11.399994 -33.299995
3.011 3.011 1.1999998 11.399994 -33.299995
3.021 3.021 1.1999998 11.399994 -33.299995
3.031 3.031 1.1999998 11.399994 -33.299995
3.041 3.041 1.1999998 11.399994 -33.299995
3.052 3.051 1.1999998 11.399994 -33.4
3.061 3.061 1.1999998 11.399994 -33.4
3.076 3.071 1.1999998 11.399994 -33.299995
3.082 3.081 1.1999998 11.399994 -33.299995
3.093 3.091 1.1999998 11.399994 -33.4
3.101 3.101 1.1999998 11.399994 -33.4
3.112 3.111 1.1999998 11.399994 -33.4
3.122 3.121 1.1999998 11.399994 -33.4
3.132 3.131 1.1999998 11.300003 -33.299995
3.142 3.141 1.1999998 11.300003 -33.299995
3.152 3.151 1.1000004 11.300003 -33.299995
3.161 3.161 1.1000004 11.300003 -33.299995
3.173 3.171 1.1000004 11.300003 -33.4
3.181 3.181 1.1000004 11.300003 -33.4
3.192 3.191 1.1000004 11.300003 -33.4
3.202 3.201 1.1000004 11.300003 -33.4
3.211 3.211 1.0 11.300003 -33.4
3.221 3.221 1.0 11.300003 -33.4
3.231 3.231 1.0 11.300003 -33.4
3.241 3.241 1.0 11.300003 -33.4
3.251 3.251 1.0 11.300003 -33.4
3.261 3.261 1.0 11.300003 -33.4
3.273 3.271 1.0 11.300003 -33.5
3.281 3.281 1.0 11.300003 -33.5
3.291 3.291 1.0 11.300003 -33.5
3.301 3.301 1.0 11.300003 -33.5
3.311 3.311 1.0 11.199997 -33.5
3.321 3.321 1.0 11.199997 -33.5
3.331 3.331 1.0 11.199997 -33.5
3.341 3.341 1.0 11.199997 -33.5
3.351 3.351 0.8999996 11.100006 -33.4
3.361 3.361 0.8999996 11.100006 -33.4
3.373 3.371 0.8999996 11.100006 -33.4
3.381 3.381 0.8999996 11.100006 -33.4
3.391 3.391 0.8999996 11.100006 -33.4
3.401 3.401 0.8999996 11.100006 -33.4
3.411 3.411 0.8999996 11.100006 -33.4
3.422 3.421 0.8999996 11.100006 -33.4
3.432 3.431 0.8999996 11.100006 -33.299995
3.442 3.441 0.8999996 11.100006 -33.299995
3.452 3.451 1.0 11.100006 -33.4
3.462 3.461 1.0 11.100006 -33.4
3.473 3.471 0.8999996 11.100006 -33.4
3.482 3.481 0.8999996 11.100006 -33.4
3.492 3.491 1.0 11.100006 -33.4
3.502 3.501 1.0 11.100006 -33.4
3.513 3.511 1.0 11.0 -33.4
3.522 3.521 1.0 11.0 -33.4
3.532 3.531 1.0 11.0 -33.299995
3.542 3.541 1.0 11.0 -33.299995
3.552 3.551 0.8999996 11.0 -33.4
3.562 3.561 0.8999996 11.0 -33.4
3.574 3.571 0.8999996 11.0 -33.5
3.581 3.581 0.8999996 11.0 -33.5
3.591 3.591 0.8999996 11.100006 -33.4
3.601 3.601 0.8999996 11.100006 -33.4
3.611 3.611 0.8999996 11.100006 -33.4
3.621 3.621 0.8999996 11.100006 -33.4
3.631 3.631 0.8999996 11.100006 -33.4
3.641 3.641 0.8999996 11.100006 -33.4
3.651 3.651 0.8999996 11.0 -33.4
3.661 3.661 0.8999996 11.0 -33.4
3.671 3.671 0.8999996 11.0 -33.4
3.682 3.681 0.8999996 11.0 -33.4
3.692 3.691 0.8999996 11.100006 -33.299995
3.702 3.701 0.8999996 11.100006 -33.299995
3.712 3.711 0.8999996 11.0 -33.299995
3.722 3.721 0.8999996 11.0 -33.299995
3.732 3.731 0.8999996 11.100006 -33.299995
3.745 3.741 0.8999996 11.100006 -33.299995
3.752 3.751 0.8999996 11.100006 -33.299995
3.761 3.761 0.8999996 11.100006 -33.299995
3.773 3.771 0.8999996 11.100006 -33.200005
3.782 3.781 0.8999996 11.100006 -33.200005
3.792 3.791 0.8999996 11.0 -33.200005
3.802 3.801 0.8999996 11.0 -33.200005
3.812 3.811 0.8999996 11.100006 -33.200005
3.822 3.821 0.8999996 11.100006 -33.200005
3.832 3.831 0.8999996 11.0 -33.200005
3.842 3.841 0.8999996 11.0 -33.200005
3.852 3.851 0.8999996 11.0 -33.200005
3.861 3.861 0.8999996 11.0 -33.200005
3.872 3.871 1.0 11.0 -33.200005
3.882 3.881 1.0 11.0 -33.200005
3.892 3.891 1.0 11.0 -33.1
3.902 3.901 1.0 11.0 -33.1
3.912 3.911 0.8999996 11.0 -33.200005
3.922 3.921 0.8999996 11.0 -33.200005
3.932 3.931 0.8999996 11.0 -33.200005
3.942 3.941 0.8999996 11.0 -33.200005
3.952 3.951 0.8999996 11.100006 -33.299995
3.962 3.961 0.8999996 11.100006 -33.299995
3.972 3.971 0.8999996 11.100006 -33.299995
3.982 3.981 0.8999996 11.100006 -33.299995
3.992 3.991 0.8999996 11.0 -33.299995
4.002 4.001 0.8999996 11.0 -33.299995
4.013 4.011 0.8999996 11.0 -33.299995
4.022 4.021 0.8999996 11.0 -33.299995
4.032 4.031 0.8000002 11.0 -33.299995
4.042 4.041 0.8000002 11.0 -33.299995
4.052 4.051 0.8000002 11.0 -33.299995
4.062 4.061 0.8000002 11.0 -33.299995
4.075 4.071 0.8000002 11.0 -33.299995
4.085 4.081 0.8000002 11.0 -33.299995
4.094 4.091 0.8000002 11.0 -33.299995
4.101 4.101 0.8000002 11.0 -33.299995
4.112 4.111 0.6999998 11.0 -33.299995
4.122 4.121 0.6999998 11.0 -33.299995
4.132 4.131 0.6999998 11.0 -33.299995
4.142 4.141 0.6999998 11.0 -33.299995
4.153 4.151 0.8000002 11.0 -33.299995
4.162 4.161 0.8000002 11.0 -33.299995
4.172 4.171 0.6999998 11.0 -33.299995
4.182 4.181 0.6999998 11.0 -33.299995
4.191 4.191 0.6999998 10.899994 -33.299995
4.201 4.201 0.6999998 10.899994 -33.299995
4.212 4.211 0.6999998 10.899994 -33.4
4.221 4.221 0.6999998 10.899994 -33.4
4.231 4.231 0.6999998 10.899994 -33.4
4.241 4.241 0.6999998 10.899994 -33.4
4.251 4.251 0.6999998 10.899994 -33.4
4.261 4.261 0.6999998 10.899994 -33.4
4.271 4.271 0.8000002 10.899994 -33.4
4.282 4.281 0.8000002 10.899994 -33.4
4.296 4.291 0.6999998 10.899994 -33.5
4.301 4.301 0.6999998 10.899994 -33.5
4.312 4.311 0.6999998 10.899994 -33.4
4.321 4.321 0.6999998 10.899994 -33.4
4.335 4.331 0.6999998 10.899994 -33.5
4.341 4.341 0.6999998 10.899994 -33.5
4.351 4.351 0.8000002 10.899994 -33.5
4.361 4.361 0.8000002 10.899994 -33.5
4.372 4.371 0.8000002 11.0 -33.6
4.382 4.381 0.8000002 11.0 -33.6
4.391 4.391 0.8000002 10.899994 -33.6
4.401 4.401 0.8000002 10.899994 -33.6
4.411 4.411 0.6999998 10.899994 -33.6
4.421 4.421 0.6999998 10.899994 -33.6
4.433 4.431 0.6999998 11.0 -33.6
4.441 4.441 0.6999998 11.0 -33.6
4.451 4.451 0.6999998 11.0 -33.6
4.461 4.461 0.6999998 11.0 -33.6
4.471 4.471 0.8000002 11.0 -33.6
4.481 4.481 0.8000002 11.0 -33.6
4.491 4.491 0.8000002 11.0 -33.6
4.501 4.501 0.8000002 11.0 -33.6
4.511 4.511 0.8999996 11.0 -33.700005
4.521 4.521 0.8999996 11.0 -33.700005
4.531 4.531 0.8999996 11.0 -33.6
4.541 4.541 0.8999996 11.0 -33.6
4.551 4.551 0.8999996 11.0 -33.5
4.561 4.561 0.8999996 11.0 -33.5
4.571 4.571 0.8999996 11.0 -33.5
4.581 4.581 0.8999996 11.0 -33.5
4.591 4.591 0.8999996 11.0 -33.5
4.601 4.601 0.8999996 11.0 -33.5
4.612 4.611 0.8999996 11.0 -33.5
4.621 4.621 0.8999996 11.0 -33.5
4.631 4.631 0.8999996 11.100006 -33.5
4.641 4.641 0.8999996 11.100006 -33.5
4.651 4.651 0.8999996 11.100006 -33.5
4.661 4.661 0.8999996 11.100006 -33.5
4.671 4.671 0.8999996 11.100006 -33.5
4.681 4.681 0.8999996 11.100006 -33.5
4.692 4.691 0.8999996 11.100006 -33.6
4.701 4.701 0.8999996 11.100006 -33.6
4.712 4.711 1.0 11.100006 -33.5
4.721 4.721 1.0 11.100006 -33.5
4.731 4.731 0.8999996 11.100006 -33.5
4.741 4.741 0.8999996 11.100006 -33.5
4.751 4.751 1.0 11.100006 -33.5
4.761 4.761 1.0 11.100006 -33.5
4.771 4.771 1.0 11.100006 -33.6
4.782 4.782 1.0 11.100006 -33.6
4.792 4.791 1.0 11.100006 -33.5
4.801 4.801 1.0 11.100006 -33.5
4.812 4.811 1.0 11.100006 -33.5
4.821 4.821 1.0 11.100006 -33.5
4.834 4.831 1.0 11.100006 -33.5
4.841 4.841 1.0 11.100006 -33.5
4.851 4.851 1.0 11.100006 -33.5
4.861 4.861 1.0 11.100006 -33.5
4.871 4.871 1.0 11.100006 -33.6
4.881 4.881 1.0 11.100006 -33.6
4.891 4.891 1.0 11.100006 -33.5
4.901 4.901 1.0 11.100006 -33.5
4.912 4.911 1.0 11.100006 -33.6
4.921 4.921 1.0 11.100006 -33.6
4.934 4.932 1.0 11.100006 -33.5
4.941 4.941 1.0 11.100006 -33.5
4.951 4.951 1.0 11.100006 -33.5
4.961 4.961 1.0 11.100006 -33.5
4.971 4.971 1.0 11.100006 -33.5
4.981 4.981 1.0 11.100006 -33.5
4.991 4.991 1.0 11.100006 -33.5
5.001 5.001 1.0 11.100006 -33.5
5.011 5.011 1.0 11.100006 -33.5
5.021 5.021 1.0 11.100006 -33.5
5.033 5.032 1.0 11.100006 -33.5
5.041 5.041 1.0 11.100006 -33.5
5.051 5.051 1.0 11.100006 -33.6
5.061 5.061 1.0 11.100006 -33.6
5.071 5.071 1.0 11.100006 -33.700005
5.081 5.081 1.0 11.100006 -33.700005
5.091 5.091 0.8999996 11.100006 -33.700005
5.101 5.101 0.8999996 11.100006 -33.700005
5.112 5.111 0.8999996 11.0 -33.6
5.121 5.121 0.8999996 11.0 -33.6
5.131 5.131 0.8999996 11.100006 -33.6
5.141 5.141 0.8999996 11.100006 -33.6
5.151 5.151 0.8999996 11.0 -33.700005
5.161 5.161 0.8999996 11.0 -33.700005
5.171 5.171 0.8999996 11.0 -33.700005
5.181 5.181 0.8999996 11.0 -33.700005
5.191 5.191 0.8999996 11.0 -33.700005
5.201 5.201 0.8999996 11.0 -33.700005
5.212 5.212 0.8999996 11.0 -33.700005
5.221 5.221 0.8999996 11.0 -33.700005
5.231 5.231 0.8999996 10.899994 -33.700005
5.241 5.241 0.8999996 10.899994 -33.700005
5.251 5.251 0.8999996 10.899994 -33.700005
5.261 5.261 0.8999996 10.899994 -33.700005
5.271 5.271 0.8999996 10.899994 -33.700005
5.281 5.281 0.8999996 10.899994 -33.700005
5.292 5.291 0.8999996 10.899994 -33.6
5.301 5.301 0.8999996 10.899994 -33.6
5.312 5.311 0.8000002 10.899994 -33.6
5.321 5.321 0.8000002 10.899994 -33.6
5.331 5.331 0.8000002 10.899994 -33.700005
5.341 5.341 0.8000002 10.899994 -33.700005
5.351 5.351 0.8000002 10.899994 -33.700005
5.361 5.361 0.8000002 10.899994 -33.700005
5.371 5.371 0.8000002 10.899994 -33.700005
5.381 5.381 0.8000002 10.899994 -33.700005
5.391 5.391 0.8000002 10.899994 -33.700005
5.401 5.401 0.8000002 10.899994 -33.700005
5.411 5.411 0.8000002 10.899994 -33.700005
5.421 5.421 0.8000002 10.899994 -33.700005
5.432 5.431 0.8000002 10.899994 -33.700005
5.442 5.441 0.8000002 10.899994 -33.700005
5.454 5.453 0.8000002 10.800003 -33.700005
5.462 5.461 0.8000002 10.800003 -33.700005
5.472 5.471 0.8000002 10.800003 -33.6
5.482 5.481 0.8000002 10.800003 -33.6
5.491 5.491 0.6999998 10.800003 -33.6
5.501 5.501 0.6999998 10.800003 -33.6
5.513 5.511 0.8000002 10.800003 -33.6
5.521 5.521 0.8000002 10.800003 -33.6
5.532 5.531 0.8000002 10.800003 -33.6
5.541 5.541 0.8000002 10.800003 -33.6
5.551 5.551 0.8000002 10.800003 -33.6
5.561 5.561 0.8000002 10.800003 -33.6
5.571 5.571 0.8000002 10.800003 -33.6
5.581 5.581 0.8000002 10.800003 -33.6
5.591 5.591 0.6999998 10.800003 -33.6
5.601 5.601 0.6999998 10.800003 -33.6
5.611 5.611 0.8000002 10.800003 -33.6
5.621 5.621 0.8000002 10.800003 -33.6
5.631 5.631 0.6999998 10.800003 -33.6
5.642 5.641 0.6999998 10.800003 -33.6
5.652 5.651 0.6999998 10.800003 -33.6
5.662 5.661 0.6999998 10.800003 -33.6
5.672 5.671 0.6999998 10.800003 -33.5
5.682 5.681 0.6999998 10.800003 -33.5
5.692 5.691 0.6999998 10.699997 -33.6
5.702 5.701 0.6999998 10.699997 -33.6
5.712 5.711 0.6999998 10.699997 -33.6
5.722 5.721 0.6999998 10.699997 -33.6
5.732 5.731 0.6999998 10.699997 -33.6
5.742 5.741 0.6999998 10.699997 -33.6
5.752 5.751 0.6999998 10.699997 -33.6
5.762 5.761 0.6999998 10.699997 -33.6
5.772 5.771 0.6999998 10.800003 -33.700005
5.782 5.781 0.6999998 10.800003 -33.700005
5.793 5.791 0.6999998 10.800003 -33.700005
5.802 5.801 0.6999998 10.800003 -33.700005
5.813 5.811 0.6999998 10.800003 -33.6
5.822 5.821 0.6999998 10.800003 -33.6
5.832 5.831 0.6999998 10.800003 -33.6
5.842 5.841 0.6999998 10.800003 -33.6
5.852 5.851 0.6999998 10.800003 -33.6
5.862 5.861 0.6999998 10.800003 -33.6
5.872 5.871 0.6999998 10.800003 -33.700005
5.882 5.881 0.6999998 10.800003 -33.700005
5.892 5.891 0.6999998 10.800003 -33.700005
5.902 5.901 0.6999998 10.800003 -33.700005
5.914 5.912 0.8000002 10.800003 -33.6
5.921 5.921 0.8000002 10.800003 -33.6
5.931 5.931 0.8000002 10.800003 -33.700005
5.941 5.941 0.8000002 10.800003 -33.700005
5.951 5.951 0.8000002 10.800003 -33.700005
5.961 5.961 0.8000002 10.800003 -33.700005
5.971 5.971 0.8000002 10.800003 -33.700005
5.981 5.981 0.8000002 10.800003 -33.700005
5.991 5.991 0.8000002 10.899994 -33.700005
6.001 6.001 0.8000002 10.899994 -33.700005
6.011 6.011 0.8000002 10.800003 -33.700005
6.021 6.021 0.8000002 10.800003 -33.700005
6.032 6.031 0.8000002 10.800003 -33.700005
6.042 6.041 0.8000002 10.800003 -33.700005
6.053 6.051 0.8000002 10.899994 -33.700005
6.062 6.061 0.8000002 10.899994 -33.700005
6.072 6.071 0.8000002 10.899994 -33.700005
6.082 6.081 0.8000002 10.899994 -33.700005
6.092 6.091 0.8000002 10.899994 -33.799995
6.102 6.101 0.8000002 10.899994 -33.799995
6.112 6.111 0.8000002 10.800003 -33.799995
6.122 6.121 0.8000002 10.800003 -33.799995
6.132 6.131 0.8000002 10.899994 -33.799995
6.142 6.141 0.8000002 10.899994 -33.799995
6.152 6.151 0.8000002 10.899994 -33.9
6.162 6.161 0.8000002 10.899994 -33.9
6.172 6.171 0.8000002 10.899994 -33.9
6.182 6.181 0.8000002 10.899994 -33.9
6.193 6.191 0.8000002 10.899994 -33.9
6.202 6.201 0.8000002 10.899994 -33.9
6.212 6.211 0.8000002 10.899994 -33.9
6.222 6.221 0.8000002 10.899994 -33.9
6.232 6.231 0.8000002 10.899994 -34.0
6.241 6.241 0.8000002 10.899994 -34.0
6.251 6.251 0.8000002 10.899994 -34.0
6.261 6.261 0.8000002 10.899994 -34.0
6.271 6.271 0.8000002 10.899994 -33.9
6.281 6.281 0.8000002 10.899994 -33.9
6.292 6.291 0.8000002 10.899994 -33.9
6.302 6.301 0.8000002 10.899994 -33.9
6.312 6.311 0.8999996 11.0 -33.799995
6.321 6.321 0.8999996 11.0 -33.799995
6.332 6.331 0.8999996 11.0 -33.799995
6.343 6.341 0.8999996 11.0 -33.799995
6.352 6.351 0.8999996 11.0 -33.799995
6.361 6.361 0.8999996 11.0 -33.799995
6.371 6.371 0.8999996 11.0 -33.799995
6.382 6.381 0.8999996 11.0 -33.799995
6.394 6.391 0.8000002 11.0 -33.799995
6.402 6.401 0.8000002 11.0 -33.799995
6.412 6.411 0.8999996 11.0 -33.799995
6.421 6.421 0.8999996 11.0 -33.799995
6.431 6.431 0.8000002 11.0 -33.9
6.441 6.441 0.8000002 11.0 -33.9
6.451 6.451 0.8000002 11.0 -33.799995
6.461 6.461 0.8000002 11.0 -33.799995
6.471 6.471 0.8999996 11.0 -33.799995
6.481 6.481 0.8999996 11.0 -33.799995
6.491 6.491 0.8999996 11.0 -33.799995
6.501 6.501 0.8999996 11.0 -33.799995
6.511 6.511 0.8000002 11.100006 -33.9
6.521 6.521 0.8000002 11.100006 -33.9
6.539 6.531 0.8000002 11.0 -33.9
6.541 6.541 0.8000002 11.0 -33.9
6.551 6.551 0.8000002 11.0 -33.799995
6.561 6.561 0.8000002 11.0 -33.799995
6.575 6.571 0.8000002 11.100006 -33.799995
6.581 6.581 0.8000002 11.100006 -33.799995
6.591 6.591 0.8000002 11.0 -33.799995
6.601 6.601 0.8000002 11.0 -33.799995
6.611 6.611 0.8999996 11.100006 -33.799995
6.621 6.621 0.8999996 11.100006 -33.799995
6.631 6.631 0.8999996 11.100006 -33.799995
6.641 6.641 0.8999996 11.100006 -33.799995
6.651 6.651 0.8000002 11.100006 -33.799995
6.661 6.661 0.8000002 11.100006 -33.799995
6.671 6.671 0.8000002 11.100006 -33.700005
6.681 6.681 0.8000002 11.100006 -33.700005
6.691 6.691 0.8000002 11.0 -33.700005
6.701 6.701 0.8000002 11.0 -33.700005
6.712 6.711 0.8000002 11.100006 -33.700005
6.722 6.721 0.8000002 11.100006 -33.700005
6.732 6.731 0.8000002 11.100006 -33.700005
6.742 6.741 0.8000002 11.100006 -33.700005
6.752 6.751 0.8000002 11.100006 -33.700005
6.763 6.761 0.8000002 11.100006 -33.700005
6.772 6.771 0.6999998 11.100006 -33.700005
6.782 6.781 0.6999998 11.100006 -33.700005
6.792 6.791 0.6999998 11.100006 -33.700005
6.802 6.801 0.6999998 11.100006 -33.700005
6.813 6.811 0.6999998 11.0 -33.700005
6.824 6.821 0.6999998 11.0 -33.700005
6.832 6.831 0.8000002 11.100006 -33.700005
6.842 6.841 0.8000002 11.100006 -33.700005
6.852 6.851 0.8000002 11.100006 -33.6
6.862 6.861 0.8000002 11.100006 -33.6
6.872 6.871 0.8000002 11.100006 -33.6
6.882 6.881 0.8000002 11.100006 -33.6
6.892 6.891 0.8000002 11.100006 -33.6
6.902 6.901 0.8000002 11.100006 -33.6
6.913 6.911 0.8000002 11.100006 -33.700005
6.922 6.921 0.8000002 11.100006 -33.700005
6.932 6.931 0.6999998 11.0 -33.700005
6.942 6.941 0.6999998 11.0 -33.700005
6.952 6.951 0.8000002 11.0 -33.700005
6.962 6.961 0.8000002 11.0 -33.700005
6.972 6.971 0.8000002 11.0 -33.700005
6.982 6.981 0.8000002 11.0 -33.700005
6.992 6.991 0.8999996 11.100006 -33.700005
7.001 7.001 0.8999996 11.100006 -33.700005
7.013 7.011 0.8999996 11.100006 -33.6
7.022 7.021 0.8999996 11.100006 -33.6
7.032 7.031 0.8999996 11.100006 -33.6
7.042 7.041 0.8999996 11.100006 -33.6
7.052 7.051 0.8999996 11.100006 -33.700005
7.062 7.061 0.8999996 11.100006 -33.700005
7.072 7.071 0.8000002 11.100006 -33.700005
7.082 7.081 0.8000002 11.100006 -33.700005
7.092 7.091 0.8999996 11.100006 -33.700005
7.101 7.101 0.8999996 11.100006 -33.700005
7.112 7.111 0.8999996 11.100006 -33.700005
7.122 7.121 0.8999996 11.100006 -33.700005
7.132 7.131 0.8999996 11.100006 -33.700005
7.141 7.141 0.8999996 11.100006 -33.700005
7.151 7.151 0.8999996 11.100006 -33.799995
7.161 7.161 0.8999996 11.100006 -33.799995
7.172 7.171 0.8000002 11.100006 -33.799995
7.181 7.181 0.8000002 11.100006 -33.799995
7.191 7.191 0.8000002 11.100006 -33.799995
7.201 7.201 0.8000002 11.100006 -33.799995
7.211 7.211 0.8999996 11.100006 -33.700005
7.221 7.221 0.8999996 11.100006 -33.700005
7.231 7.231 0.8999996 11.100006 -33.700005
7.241 7.241 0.8999996 11.100006 -33.700005
7.251 7.251 0.8999996 11.100006 -33.700005
7.262 7.261 0.8999996 11.100006 -33.700005
7.273 7.271 0.8999996 11.100006 -33.700005
7.282 7.281 0.8999996 11.100006 -33.700005
7.292 7.291 1.0 11.100006 -33.799995
7.302 7.301 1.0 11.100006 -33.799995
7.312 7.311 1.0 11.100006 -33.799995
7.322 7.321 1.0 11.100006 -33.799995
7.332 7.331 1.1000004 11.199997 -33.700005
7.342 7.341 1.1000004 11.199997 -33.700005
7.352 7.351 1.1000004 11.100006 -33.799995
7.362 7.361 1.1000004 11.100006 -33.799995
7.373 7.371 1.1000004 11.100006 -33.799995
7.382 7.381 1.1000004 11.100006 -33.799995
7.392 7.391 1.1999998 11.199997 -33.700005
7.402 7.401 1.1999998 11.199997 -33.700005
7.413 7.411 1.1999998 11.199997 -33.700005
7.422 7.421 1.1999998 11.199997 -33.700005
7.432 7.431 1.1999998 11.199997 -33.700005
7.442 7.441 1.1999998 11.199997 -33.700005
7.452 7.451 1.1999998 11.199997 -33.700005
7.462 7.461 1.1999998 11.199997 -33.700005
7.473 7.471 1.1999998 11.199997 -33.700005
7.482 7.481 1.1999998 11.199997 -33.700005
7.493 7.491 1.1999998 11.199997 -33.700005
7.502 7.501 1.1999998 11.199997 -33.700005
7.512 7.511 1.1999998 11.199997 -33.799995
7.522 7.521 1.1999998 11.199997 -33.799995
7.532 7.531 1.1999998 11.199997 -33.700005
7.542 7.541 1.1999998 11.199997 -33.700005
7.553 7.551 1.1999998 11.199997 -33.700005
7.562 7.561 1.1999998 11.199997 -33.700005
7.573 7.571 1.1999998 11.199997 -33.700005
7.582 7.581 1.1999998 11.199997 -33.700005
7.592 7.591 1.1999998 11.199997 -33.700005
7.602 7.601 1.1999998 11.199997 -33.700005
7.612 7.611 1.1999998 11.199997 -33.799995
7.622 7.621 1.1999998 11.199997 -33.799995
7.632 7.631 1.1999998 11.199997 -33.799995
7.642 7.641 1.1999998 11.199997 -33.799995
7.652 7.651 1.1999998 11.199997 -33.799995
7.662 7.661 1.1999998 11.199997 -33.799995
7.672 7.671 1.1999998 11.199997 -33.700005
7.682 7.681 1.1999998 11.199997 -33.700005
7.692 7.691 1.3000002 11.199997 -33.799995
7.702 7.701 1.3000002 11.199997 -33.799995
7.712 7.711 1.3000002 11.199997 -33.700005
7.722 7.721 1.3000002 11.199997 -33.700005
7.732 7.731 1.3000002 11.100006 -33.700005
7.742 7.741 1.3000002 11.100006 -33.700005
7.752 7.751 1.3000002 11.100006 -33.6
7.761 7.761 1.3000002 11.100006 -33.6
7.772 7.771 1.3000002 11.199997 -33.6
7.781 7.781 1.3000002 11.199997 -33.6
7.791 7.791 1.3000002 11.100006 -33.700005
7.801 7.801 1.3000002 11.100006 -33.700005
7.811 7.811 1.3000002 11.199997 -33.700005
7.821 7.821 1.3000002 11.199997 -33.700005
7.831 7.831 1.3000002 11.199997 -33.700005
7.841 7.841 1.3000002 11.199997 -33.700005
7.851 7.851 1.3000002 11.199997 -33.700005
7.862 7.861 1.3000002 11.199997 -33.700005
7.872 7.871 1.3000002 11.199997 -33.799995
7.881 7.881 1.3000002 11.199997 -33.799995
7.892 7.891 1.3000002 11.199997 -33.799995
7.901 7.901 1.3000002 11.199997 -33.799995
7.911 7.911 1.1999998 11.199997 -33.799995
7.921 7.921 1.1999998 11.199997 -33.799995
7.931 7.931 1.1999998 11.199997 -33.9
7.942 7.941 1.1999998 11.199997 -33.9
7.957 7.951 1.1999998 11.199997 -33.9
7.963 7.961 1.1999998 11.199997 -33.9
7.976 7.971 1.1999998 11.199997 -33.9
7.981 7.981 1.1999998 11.199997 -33.9
7.993 7.991 1.1999998 11.199997 -33.9
8.003 8.001 1.1999998 11.199997 -33.9
8.012 8.011 1.1999998 11.199997 -33.9
8.021 8.021 1.1999998 11.199997 -33.9
8.032 8.031 1.1999998 11.199997 -33.9
8.042 8.041 1.1999998 11.199997 -33.9
8.052 8.051 1.1999998 11.199997 -33.9
8.062 8.061 1.1999998 11.199997 -33.9
8.072 8.071 1.1999998 11.199997 -33.9
8.082 8.081 1.1999998 11.199997 -33.9
8.092 8.091 1.1999998 11.199997 -33.799995
8.102 8.101 1.1999998 11.199997 -33.799995
8.112 8.111 1.1999998 11.199997 -33.700005
8.122 8.121 1.1999998 11.199997 -33.700005
8.132 8.131 1.1999998 11.199997 -33.799995
8.142 8.141 1.1999998 11.199997 -33.799995
8.155 8.151 1.1000004 11.100006 -33.799995
8.162 8.161 1.1000004 11.100006 -33.799995
8.172 8.171 1.1000004 11.199997 -33.799995
8.181 8.181 1.1000004 11.199997 -33.799995
8.192 8.191 1.1000004 11.199997 -33.799995
8.202 8.201 1.1000004 11.199997 -33.799995
8.212 8.211 1.1000004 11.199997 -33.799995
8.222 8.221 1.1000004 11.199997 -33.799995
8.233 8.231 1.1000004 11.199997 -33.799995
8.242 8.241 1.1000004 11.199997 -33.799995
8.252 8.251 1.0 11.100006 -33.799995
8.261 8.261 1.0 11.100006 -33.799995
8.272 8.271 1.0 11.100006 -33.9
8.281 8.281 1.0 11.100006 -33.9
8.292 8.291 1.0 11.100006 -33.9
8.302 8.301 1.0 11.100006 -33.9
8.312 8.311 1.0 11.100006 -34.0
8.322 8.321 1.0 11.100006 -34.0
8.332 8.331 1.0 11.100006 -34.0
8.343 8.341 1.0 11.100006 -34.0
8.353 8.351 1.0 11.100006 -34.0
8.362 8.361 1.0 11.100006 -34.0
8.372 8.371 1.0 11.100006 -34.0
8.381 8.381 1.0 11.100006 -34.0
8.391 8.391 1.0 11.199997 -34.0
8.402 8.401 1.0 11.199997 -34.0
8.411 8.411 1.0 11.100006 -33.9
8.421 8.421 1.0 11.100006 -33.9
8.431 8.431 1.0 11.100006 -34.0
8.441 8.441 1.0 11.100006 -34.0
8.451 8.451 1.1000004 11.100006 -33.9
8.461 8.461 1.1000004 11.100006 -33.9
8.471 8.471 1.1000004 11.100006 -33.799995
8.481 8.481 1.1000004 11.100006 -33.799995
8.491 8.491 1.1000004 11.100006 -33.799995
8.502 8.501 1.1000004 11.100006 -33.799995
8.511 8.511 1.1000004 11.100006 -33.799995
8.521 8.521 1.1000004 11.100006 -33.799995
8.531 8.531 1.1000004 11.100006 -33.700005
8.541 8.541 1.1000004 11.100006 -33.700005
8.551 8.551 1.1000004 11.100006 -33.700005
8.561 8.561 1.1000004 11.100006 -33.700005
8.571 8.571 1.0 11.100006 -33.700005
8.582 8.581 1.0 11.100006 -33.700005
8.593 8.591 1.0 11.100006 -33.700005
8.603 8.601 1.0 11.100006 -33.700005
8.611 8.611 1.0 11.100006 -33.700005
8.621 8.621 1.0 11.100006 -33.700005
8.631 8.631 1.0 11.100006 -33.700005
8.641 8.641 1.0 11.100006 -33.700005
8.651 8.651 0.8999996 11.100006 -33.799995
8.661 8.661 0.8999996 11.100006 -33.799995
8.671 8.671 0.8999996 11.100006 -33.799995
8.681 8.681 0.8999996 11.100006 -33.799995
8.692 8.691 0.8999996 11.100006 -33.799995
8.702 8.701 0.8999996 11.100006 -33.799995
8.712 8.711 1.0 11.100006 -33.799995
8.722 8.721 1.0 11.100006 -33.799995
8.732 8.731 1.0 11.100006 -33.799995
8.742 8.741 1.0 11.100006 -33.799995
8.752 8.751 1.0 11.100006 -33.799995
8.762 8.761 1.0 11.100006 -33.799995
8.772 8.771 1.0 11.0 -33.700005
8.782 8.781 1.0 11.0 -33.700005
8.792 8.791 1.0 11.0 -33.700005
8.802 8.801 1.0 11.0 -33.700005
8.812 8.811 1.1000004 11.0 -33.6
8.822 8.821 1.1000004 11.0 -33.6
8.832 8.831 1.1000004 11.0 -33.6
8.841 8.841 1.1000004 11.0 -33.6
8.852 8.851 1.0 11.100006 -33.6
8.861 8.861 1.0 11.100006 -33.6
8.872 8.871 1.0 11.100006 -33.5
8.882 8.881 1.0 11.100006 -33.5
8.892 8.891 1.0 11.0 -33.5
8.902 8.901 1.0 11.0 -33.5
8.912 8.911 1.0 11.0 -33.4
8.922 8.921 1.0 11.0 -33.4
8.933 8.931 1.0 11.0 -33.4
8.942 8.941 1.0 11.0 -33.4
8.951 8.951 1.0 11.0 -33.4
8.961 8.961 1.0 11.0 -33.4
8.971 8.971 1.0 11.0 -33.4
8.981 8.981 1.0 11.0 -33.4
8.992 8.991 1.0 11.0 -33.4
9.001 9.001 1.0 11.0 -33.4
9.011 9.011 1.0 11.0 -33.4
9.021 9.021 1.0 11.0 -33.4
9.031 9.031 0.8999996 11.0 -33.4
9.041 9.041 0.8999996 11.0 -33.4
9.052 9.051 0.8999996 11.0 -33.4
9.061 9.061 0.8999996 11.0 -33.4
9.072 9.071 0.8999996 11.0 -33.4
9.082 9.081 0.8999996 11.0 -33.4
9.093 9.091 0.8999996 11.0 -33.4
9.102 9.101 0.8999996 11.0 -33.4
9.112 9.111 0.8999996 11.0 -33.4
9.122 9.121 0.8999996 11.0 -33.4
9.132 9.131 0.8999996 10.899994 -33.4
9.142 9.141 0.8999996 10.899994 -33.4
9.152 9.151 1.0 10.899994 -33.4
9.162 9.161 1.0 10.899994 -33.4
9.172 9.171 1.0 10.899994 -33.4
9.182 9.181 1.0 10.899994 -33.4
9.193 9.191 1.0 10.899994 -33.4
9.202 9.201 1.0 10.899994 -33.4
9.212 9.211 1.1000004 10.899994 -33.4
9.223 9.221 1.1000004 10.899994 -33.4
9.234 9.231 1.1000004 10.899994 -33.299995
9.242 9.241 1.1000004 10.899994 -33.299995
9.252 9.251 1.1000004 10.899994 -33.4
9.261 9.261 1.1000004 10.899994 -33.4
9.272 9.271 1.1000004 10.899994 -33.299995
9.282 9.281 1.1000004 10.899994 -33.299995
9.292 9.291 1.1000004 10.899994 -33.4
9.302 9.301 1.1000004 10.899994 -33.4
9.312 9.311 1.0 10.899994 -33.4
9.322 9.321 1.0 10.899994 -33.4
9.332 9.331 1.0 10.899994 -33.4
9.342 9.341 1.0 10.899994 -33.4
9.352 9.351 1.0 10.899994 -33.4
9.362 9.361 1.0 10.899994 -33.4
9.372 9.371 1.1000004 11.0 -33.4
9.382 9.381 1.1000004 11.0 -33.4
9.392 9.391 1.1000004 11.0 -33.4
9.402 9.401 1.1000004 11.0 -33.4
9.412 9.411 1.1000004 11.0 -33.4
9.422 9.421 1.1000004 11.0 -33.4
9.432 9.431 1.1000004 11.0 -33.4
9.442 9.441 1.1000004 11.0 -33.4
9.453 9.451 1.1000004 11.0 -33.5
9.463 9.461 1.1000004 11.0 -33.5
9.473 9.471 1.1000004 11.0 -33.5
9.482 9.481 1.1000004 11.0 -33.5
9.491 9.491 1.1000004 11.0 -33.5
9.501 9.501 1.1000004 11.0 -33.5
9.512 9.511 1.1999998 11.0 -33.5
9.521 9.521 1.1999998 11.0 -33.5
9.534 9.531 1.1999998 11.0 -33.5
9.541 9.541 1.1999998 11.0 -33.5
9.552 9.551 1.3000002 11.0 -33.5
9.561 9.561 1.3000002 11.0 -33.5
9.571 9.571 1.3000002 11.0 -33.5
9.581 9.581 1.3000002 11.0 -33.5
9.591 9.591 1.3000002 11.0 -33.6
9.601 9.601 1.3000002 11.0 -33.6
9.611 9.611 1.1999998 11.0 -33.6
9.621 9.621 1.1999998 11.0 -33.6
9.631 9.631 1.1999998 11.0 -33.6
9.641 9.641 1.1999998 11.0 -33.6
9.651 9.651 1.1999998 11.0 -33.6
9.662 9.661 1.1999998 11.0 -33.6
9.672 9.671 1.1999998 11.0 -33.700005
9.682 9.681 1.1999998 11.0 -33.700005
9.692 9.691 1.1999998 11.0 -33.700005
9.702 9.701 1.1999998 11.0 -33.700005
9.712 9.711 1.1000004 11.0 -33.799995
9.722 9.721 1.1000004 11.0 -33.799995
9.732 9.731 1.1000004 11.100006 -33.799995
9.742 9.741 1.1000004 11.100006 -33.799995
9.752 9.751 1.1000004 11.100006 -33.700005
9.762 9.761 1.1000004 11.100006 -33.700005
9.772 9.771 1.1000004 11.100006 -33.799995
9.782 9.781 1.1000004 11.100006 -33.799995
9.792 9.791 1.1000004 11.100006 -33.9
9.803 9.801 1.1000004 11.100006 -33.9
9.813 9.811 1.1000004 11.100006 -33.9
9.822 9.821 1.1000004 11.100006 -33.9
9.836 9.831 1.1000004 11.100006 -33.9
9.842 9.841 1.1000004 11.100006 -33.9
9.852 9.851 1.1999998 11.100006 -33.799995
9.863 9.861 1.1999998 11.100006 -33.799995
9.872 9.871 1.1999998 11.100006 -33.799995
9.882 9.881 1.1999998 11.100006 -33.799995
9.892 9.891 1.1999998 11.100006 -33.799995
9.902 9.901 1.1999998 11.100006 -33.799995
9.915 9.911 1.1999998 11.100006 -33.700005
9.922 9.921 1.1999998 11.100006 -33.700005
9.932 9.931 1.1999998 11.100006 -33.700005
9.941 9.941 1.1999998 11.100006 -33.700005
9.952 9.951 1.3000002 11.100006 -33.799995
9.962 9.961 1.3000002 11.100006 -33.799995
9.973 9.971 1.3000002 11.0 -33.799995
9.982 9.981 1.3000002 11.0 -33.799995
9.992 9.991 1.1999998 11.100006 -33.799995
10.002 10.001 1.1999998 11.100006 -33.799995
10.013 10.011 1.1999998 11.100006 -33.9
10.022 10.021 1.1999998 11.100006 -33.9
10.032 10.031 1.3000002 11.100006 -33.9
10.042 10.041 1.3000002 11.100006 -33.9
10.052 10.051 1.3000002 11.100006 -33.799995
10.062 10.061 1.3000002 11.100006 -33.799995
10.073 10.071 1.3000002 11.100006 -33.799995
10.085 10.081 1.3000002 11.100006 -33.799995
10.092 10.091 1.1999998 11.100006 -33.799995
10.102 10.101 1.1999998 11.100006 -33.799995
10.113 10.111 1.1999998 11.100006 -33.799995
10.121 10.121 1.1999998 11.100006 -33.799995
10.132 10.131 1.1999998 11.100006 -33.799995
10.141 10.141 1.1999998 11.100006 -33.799995
10.151 10.151 1.1999998 11.100006 -33.799995
10.161 10.161 1.1999998 11.100006 -33.799995
10.171 10.171 1.1999998 11.100006 -33.799995
10.181 10.181 1.1999998 11.100006 -33.799995
10.192 10.191 1.1999998 11.199997 -33.799995
10.202 10.201 1.1999998 11.199997 -33.799995
10.212 10.211 1.3000002 11.199997 -33.799995
10.222 10.221 1.3000002 11.199997 -33.799995
10.233 10.231 1.3000002 11.100006 -33.799995
10.242 10.241 1.3000002 11.100006 -33.799995
10.252 10.251 1.3000002 11.199997 -33.700005
10.262 10.261 1.3000002 11.199997 -33.700005
10.272 10.271 1.3000002 11.100006 -33.799995
10.282 10.281 1.3000002 11.100006 -33.799995
10.292 10.291 1.3000002 11.100006 -33.700005
10.302 10.301 1.3000002 11.100006 -33.700005
10.314 10.311 1.3000002 11.100006 -33.700005
10.323 10.321 1.3000002 11.100006 -33.700005
10.333 10.331 1.3000002 11.100006 -33.700005
10.341 10.341 1.3000002 11.100006 -33.700005
10.352 10.351 1.3000002 11.100006 -33.700005
10.362 10.361 1.3000002 11.100006 -33.700005
10.372 10.371 1.3000002 11.100006 -33.700005
10.382 10.381 1.3000002 11.100006 -33.700005
10.395 10.391 1.3000002 11.100006 -33.6
10.402 10.401 1.3000002 11.100006 -33.6
10.412 10.411 1.1999998 11.100006 -33.6
10.422 10.421 1.1999998 11.100006 -33.6
10.432 10.431 1.1999998 11.100006 -33.700005
10.442 10.441 1.1999998 11.100006 -33.700005
10.452 10.451 1.1999998 11.100006 -33.700005
10.462 10.461 1.1999998 11.100006 -33.700005
10.472 10.471 1.1999998 11.100006 -33.700005
10.482 10.481 1.1999998 11.100006 -33.700005
10.493 10.491 1.1999998 11.100006 -33.700005
10.502 10.501 1.1999998 11.100006 -33.700005
10.512 10.511 1.1999998 11.100006 -33.700005
10.522 10.521 1.1999998 11.100006 -33.700005
10.532 10.531 1.1999998 11.100006 -33.700005
10.542 10.541 1.1999998 11.100006 -33.700005
10.553 10.551 1.1999998 11.100006 -33.6
10.562 10.561 1.1999998 11.100006 -33.6
10.573 10.571 1.1999998 11.100006 -33.6
10.582 10.581 1.1999998 11.100006 -33.6
10.592 10.591 1.1999998 11.100006 -33.6
10.602 10.601 1.1999998 11.100006 -33.6
10.613 10.611 1.1999998 11.0 -33.6
10.622 10.621 1.1999998 11.0 -33.6
10.632 10.631 1.1999998 11.0 -33.6
10.641 10.641 1.1999998 11.0 -33.6
10.651 10.651 1.1999998 11.0 -33.6
10.661 10.661 1.1999998 11.0 -33.6
10.672 10.671 1.1999998 11.0 -33.6
10.682 10.681 1.1999998 11.0 -33.6
10.693 10.691 1.1999998 11.0 -33.6
10.702 10.701 1.1999998 11.0 -33.6
10.715 10.711 1.1999998 11.0 -33.6
10.722 10.721 1.1999998 11.0 -33.6
10.732 10.731 1.1999998 11.0 -33.6
10.741 10.741 1.1999998 11.0 -33.6
10.751 10.751 1.1999998 11.0 -33.6
10.761 10.761 1.1999998 11.0 -33.6
10.791 10.791 1.1999998 11.0 -33.700005
10.811 10.811 1.1999998 11.0 -33.700005
10.831 10.831 1.1000004 11.0 -33.6
10.851 10.851 1.1000004 11.0 -33.6
10.871 10.871 1.1000004 11.100006 -33.6
10.891 10.891 1.1999998 11.100006 -33.6
10.912 10.911 1.1999998 11.100006 -33.6
10.931 10.931 1.1999998 11.100006 -33.5
10.951 10.951 1.1999998 11.100006 -33.5
10.971 10.971 1.1999998 11.100006 -33.5
10.991 10.991 1.1999998 11.100006 -33.5
11.011 11.011 1.1999998 11.100006 -33.5
11.031 11.031 1.1999998 11.100006 -33.5
11.051 11.051 1.1999998 11.100006 -33.4
11.071 11.071 1.1999998 11.100006 -33.4
11.091 11.091 1.1999998 11.199997 -33.4
11.111 11.111 1.1999998 11.199997 -33.4
11.131 11.131 1.3000002 11.199997 -33.4
11.151 11.151 1.1999998 11.199997 -33.4
11.171 11.171 1.1999998 11.300003 -33.4
11.191 11.191 1.3000002 11.300003 -33.5
11.211 11.211 1.3000002 11.300003 -33.4
11.231 11.231 1.3000002 11.399994 -33.4
11.251 11.251 1.3000002 11.399994 -33.4
11.271 11.271 1.3000002 11.399994 -33.4
11.291 11.291 1.3000002 11.399994 -33.4
11.311 11.311 1.3999996 11.5 -33.4
11.331 11.331 1.3999996 11.5 -33.299995
11.351 11.351 1.3999996 11.5 -33.299995
11.371 11.371 1.3999996 11.5 -33.4
11.391 11.391 1.3999996 11.5 -33.4
11.411 11.411 1.3999996 11.5 -33.4
11.431 11.431 1.3999996 11.5 -33.4
11.451 11.451 1.3999996 11.600006 -33.5
11.471 11.471 1.3999996 11.600006 -33.5
11.491 11.491 1.3999996 11.600006 -33.5
11.511 11.511 1.3999996 11.600006 -33.5
11.531 11.531 1.3000002 11.600006 -33.5
11.551 11.551 1.3000002 11.600006 -33.6
11.585 11.571 1.3000002 11.600006 -33.5
11.605 11.591 1.3000002 11.600006 -33.6
11.619 11.611 1.3000002 11.600006 -33.6
11.632 11.631 1.3000002 11.600006 -33.6
11.651 11.651 1.3000002 11.600006 -33.6
11.671 11.671 1.3000002 11.600006 -33.700005
11.691 11.691 1.3000002 11.600006 -33.700005
11.711 11.711 1.3000002 11.600006 -33.700005
11.731 11.731 1.3000002 11.600006 -33.700005
11.751 11.751 1.3000002 11.600006 -33.700005
11.771 11.771 1.3000002 11.600006 -33.700005
11.791 11.791 1.3000002 11.600006 -33.700005
11.811 11.811 1.3000002 11.600006 -33.700005
11.831 11.831 1.1999998 11.699997 -33.700005
11.851 11.851 1.1999998 11.699997 -33.700005
11.871 11.871 1.3000002 11.699997 -33.799995
11.891 11.891 1.3000002 11.699997 -33.799995
11.911 11.911 1.3000002 11.699997 -33.700005
11.932 11.931 1.3000002 11.699997 -33.799995
11.951 11.951 1.1999998 11.699997 -33.799995
11.971 11.971 1.1999998 11.699997 -33.700005
11.991 11.991 1.3000002 11.699997 -33.6
12.011 12.011 1.3000002 11.699997 -33.700005
12.031 12.031 1.3000002 11.699997 -33.700005
12.051 12.051 1.3000002 11.699997 -33.700005
12.072 12.071 1.3000002 11.699997 -33.6
12.093 12.091 1.3000002 11.699997 -33.700005
12.112 12.111 1.3000002 11.699997 -33.700005
12.132 12.131 1.3999996 11.699997 -33.700005
12.152 12.151 1.3999996 11.699997 -33.700005
12.172 12.171 1.3999996 11.800003 -33.799995
12.193 12.191 1.3999996 11.800003 -33.799995
12.212 12.211 1.3999996 11.800003 -33.9
12.233 12.231 1.5 11.800003 -33.799995
12.252 12.251 1.5 11.800003 -33.799995
12.275 12.271 1.5 11.800003 -33.799995
12.293 12.291 1.5 11.800003 -33.700005
12.313 12.311 1.6000004 11.800003 -33.700005
12.332 12.331 1.6000004 11.699997 -33.799995
12.351 12.351 1.6000004 11.800003 -33.799995
12.371 12.371 1.6000004 11.699997 -33.799995
12.391 12.391 1.6000004 11.699997 -33.9
12.411 12.411 1.6000004 11.699997 -33.9
12.431 12.431 1.6000004 11.699997 -34.0
12.452 12.451 1.6000004 11.699997 -33.9
12.472 12.471 1.6000004 11.699997 -33.9
12.492 12.491 1.6000004 11.600006 -33.9
12.512 12.511 1.6000004 11.600006 -33.9
12.532 12.531 1.6000004 11.600006 -33.9
12.553 12.551 1.6000004 11.600006 -34.0
12.576 12.571 1.6000004 11.600006 -34.0
12.591 12.591 1.6000004 11.600006 -34.0
12.612 12.611 1.6000004 11.600006 -33.9
12.631 12.631 1.6000004 11.600006 -33.9
12.651 12.651 1.6000004 11.600006 -33.9
12.671 12.671 1.6000004 11.600006 -33.9
12.691 12.691 1.6000004 11.600006 -33.799995
12.712 12.711 1.6999998 11.600006 -33.799995
12.733 12.732 1.6999998 11.600006 -33.799995
12.752 12.751 1.6000004 11.600006 -33.799995
12.771 12.771 1.6000004 11.600006 -33.700005
12.792 12.791 1.6000004 11.600006 -33.6
12.812 12.811 1.6000004 11.600006 -33.6
12.831 12.831 1.6000004 11.5 -33.6
12.851 12.851 1.6000004 11.600006 -33.6
12.871 12.871 1.6000004 11.600006 -33.6
12.892 12.891 1.6000004 11.600006 -33.6
12.912 12.911 1.5 11.600006 -33.6
12.931 12.931 1.5 11.600006 -33.5
12.951 12.951 1.5 11.600006 -33.5
12.971 12.971 1.6000004 11.600006 -33.4
12.991 12.991 1.5 11.600006 -33.4
13.012 13.011 1.6000004 11.600006 -33.299995
13.033 13.031 1.6000004 11.600006 -33.299995
13.052 13.051 1.6000004 11.600006 -33.4
13.072 13.071 1.6000004 11.600006 -33.299995
13.093 13.091 1.6999998 11.600006 -33.299995
13.112 13.111 1.6999998 11.600006 -33.299995
13.132 13.131 1.6000004 11.600006 -33.299995
13.157 13.151 1.6000004 11.600006 -33.299995
13.173 13.171 1.6000004 11.600006 -33.299995
13.192 13.191 1.6999998 11.600006 -33.299995
13.212 13.211 1.6000004 11.600006 -33.299995
13.234 13.231 1.6000004 11.5 -33.4
13.252 13.251 1.6000004 11.5 -33.4
13.272 13.271 1.6000004 11.5 -33.4
13.292 13.291 1.6000004 11.5 -33.4
13.313 13.311 1.6000004 11.5 -33.4
13.332 13.331 1.6000004 11.5 -33.4
13.352 13.351 1.6000004 11.5 -33.4
13.372 13.371 1.6000004 11.5 -33.5
13.392 13.391 1.6000004 11.5 -33.5
13.412 13.411 1.6000004 11.5 -33.5
13.432 13.431 1.6000004 11.5 -33.5
13.456 13.451 1.6000004 11.5 -33.6
13.472 13.471 1.6000004 11.5 -33.6
13.492 13.491 1.6000004 11.5 -33.6
13.512 13.511 1.6000004 11.5 -33.5
13.532 13.531 1.6000004 11.600006 -33.6
13.552 13.551 1.6000004 11.600006 -33.700005
13.572 13.571 1.6000004 11.5 -33.700005
13.593 13.591 1.6000004 11.5 -33.700005
13.613 13.611 1.6000004 11.5 -33.700005
13.632 13.631 1.6000004 11.5 -33.6
13.652 13.651 1.6000004 11.5 -33.700005
13.674 13.671 1.6999998 11.600006 -33.700005
13.693 13.691 1.6999998 11.5 -33.6
13.712 13.711 1.6999998 11.5 -33.6
13.733 13.731 1.6000004 11.5 -33.6
13.754 13.751 1.6000004 11.5 -33.700005
13.771 13.771 1.6000004 11.5 -33.700005
13.792 13.791 1.6999998 11.5 -33.700005
13.811 13.811 1.6999998 11.600006 -33.799995
13.831 13.831 1.6999998 11.600006 -33.799995
13.851 13.851 1.6999998 11.600006 -33.700005
13.871 13.871 1.6999998 11.600006 -33.799995
13.892 13.891 1.6999998 11.600006 -33.700005
13.912 13.911 1.6999998 11.600006 -33.700005
13.933 13.931 1.6999998 11.5 -33.799995
13.952 13.951 1.6999998 11.5 -33.9
13.972 13.971 1.6999998 11.5 -33.9
13.993 13.991 1.6000004 11.5 -33.9
14.015 14.011 1.6999998 11.5 -33.9
14.032 14.031 1.6999998 11.5 -33.799995
14.054 14.051 1.6999998 11.5 -33.700005
14.072 14.071 1.6999998 11.5 -33.799995
14.091 14.091 1.6999998 11.399994 -33.700005
14.111 14.111 1.6999998 11.399994 -33.700005
14.131 14.131 1.6999998 11.399994 -33.700005
14.151 14.151 1.6999998 11.5 -33.700005
14.172 14.171 1.6999998 11.399994 -33.700005
14.192 14.191 1.6999998 11.399994 -33.700005
14.212 14.211 1.6999998 11.399994 -33.9
14.233 14.231 1.6999998 11.399994 -33.9
14.252 14.251 1.6000004 11.399994 -33.799995
14.273 14.271 1.6000004 11.399994 -33.799995
14.292 14.291 1.5 11.399994 -33.799995
14.312 14.311 1.5 11.399994 -33.9
14.333 14.331 1.6000004 11.399994 -33.9
14.353 14.351 1.6000004 11.399994 -33.9
14.373 14.371 1.6000004 11.399994 -33.9
14.392 14.391 1.6000004 11.399994 -34.0
14.412 14.411 1.6000004 11.399994 -33.9
14.432 14.431 1.6000004 11.399994 -33.799995
14.452 14.451 1.6000004 11.300003 -33.9
14.472 14.471 1.6000004 11.300003 -33.9
14.492 14.491 1.6000004 11.399994 -33.9
14.512 14.511 1.6000004 11.300003 -33.9
14.532 14.531 1.6000004 11.399994 -33.9
14.552 14.551 1.6000004 11.399994 -33.9
14.573 14.571 1.5 11.399994 -33.9
14.592 14.591 1.6000004 11.399994 -33.9
14.612 14.611 1.6000004 11.399994 -33.9
14.632 14.631 1.6000004 11.399994 -33.9
14.652 14.651 1.6000004 11.399994 -34.0
14.672 14.671 1.5 11.399994 -34.0
14.692 14.691 1.5 11.399994 -34.1
14.712 14.711 1.5 11.399994 -34.200005
14.732 14.731 1.3999996 11.399994 -34.200005
14.752 14.751 1.3999996 11.399994 -34.200005
14.772 14.771 1.5 11.399994 -34.1
14.792 14.791 1.5 11.399994 -34.1
14.812 14.811 1.5 11.399994 -34.0
14.832 14.831 1.5 11.399994 -34.1
14.852 14.851 1.5 11.399994 -34.1
14.873 14.871 1.5 11.399994 -34.1
14.892 14.891 1.6000004 11.399994 -34.1
14.912 14.911 1.5 11.399994 -34.0
14.934 14.931 1.5 11.399994 -34.0
14.952 14.951 1.5 11.399994 -34.0
14.973 14.971 1.5 11.300003 -33.9
14.992 14.991 1.5 11.300003 -33.9
15.012 15.011 1.3999996 11.300003 -33.9
15.034 15.031 1.5 11.300003 -34.0
15.058 15.051 1.5 11.399994 -33.9
15.074 15.071 1.5 11.399994 -34.0
15.091 15.091 1.5 11.300003 -33.9
15.111 15.111 1.5 11.399994 -33.799995
15.131 15.131 1.3999996 11.399994 -33.799995
15.151 15.151 1.3999996 11.300003 -33.799995
15.172 15.171 1.3999996 11.300003 -33.799995
15.192 15.191 1.5 11.300003 -33.799995
15.212 15.211 1.3999996 11.300003 -33.799995
15.234 15.231 1.3999996 11.300003 -33.799995
15.252 15.251 1.3999996 11.300003 -33.799995
15.272 15.271 1.3999996 11.399994 -33.799995
15.292 15.291 1.3999996 11.399994 -33.700005
15.316 15.311 1.3999996 11.300003 -33.700005
15.332 15.331 1.3999996 11.300003 -33.799995
15.352 15.351 1.3999996 11.300003 -33.799995
15.372 15.371 1.3999996 11.399994 -33.799995
15.392 15.391 1.5 11.399994 -33.799995
15.412 15.411 1.3999996 11.399994 -33.799995
15.432 15.431 1.5 11.399994 -33.799995
15.453 15.451 1.5 11.399994 -33.799995
15.472 15.471 1.3999996 11.399994 -33.799995
15.492 15.491 1.3999996 11.399994 -33.799995
15.512 15.511 1.3999996 11.5 -33.9
15.532 15.531 1.3999996 11.5 -33.9
15.552 15.551 1.3999996 11.5 -33.9
15.572 15.571 1.3999996 11.5 -33.9
15.592 15.591 1.3999996 11.5 -33.9
15.612 15.611 1.3999996 11.5 -33.9
15.633 15.631 1.3000002 11.5 -33.9
15.652 15.651 1.3000002 11.5 -33.9
15.672 15.671 1.3000002 11.5 -33.799995
15.693 15.691 1.3999996 11.5 -33.9
15.712 15.711 1.3999996 11.5 -33.799995
15.732 15.731 1.3999996 11.5 -33.799995
15.754 15.751 1.3999996 11.5 -33.799995
15.772 15.771 1.3000002 11.5 -33.799995
15.792 15.791 1.3000002 11.5 -33.799995
15.811 15.811 1.3000002 11.5 -33.799995
15.832 15.831 1.3000002 11.5 -33.700005
15.851 15.851 1.3000002 11.5 -33.799995
15.871 15.871 1.3999996 11.5 -33.799995
15.891 15.891 1.3999996 11.5 -33.799995
15.911 15.911 1.3999996 11.5 -33.799995
15.931 15.931 1.3999996 11.5 -33.700005
15.951 15.951 1.3000002 11.5 -33.700005
15.971 15.971 1.3000002 11.5 -33.700005
15.991 15.991 1.3999996 11.5 -33.799995
16.011 16.011 1.3999996 11.5 -33.700005
16.031 16.031 1.3999996 11.5 -33.700005
16.051 16.051 1.3999996 11.5 -33.700005
16.071 16.071 1.3000002 11.5 -33.700005
16.091 16.091 1.3000002 11.5 -33.700005
16.111 16.111 1.3999996 11.5 -33.700005
16.131 16.131 1.3999996 11.5 -33.799995
16.151 16.151 1.3999996 11.5 -33.799995
16.172 16.171 1.3999996 11.5 -33.700005
16.196 16.191 1.3999996 11.5 -33.700005
16.212 16.211 1.3999996 11.5 -33.700005
16.232 16.231 1.3999996 11.399994 -33.700005
16.252 16.251 1.3999996 11.399994 -33.799995
16.272 16.271 1.3999996 11.399994 -33.799995
16.294 16.291 1.3999996 11.399994 -33.799995
16.312 16.312 1.3999996 11.399994 -33.799995
16.331 16.331 1.5 11.5 -33.799995
16.351 16.351 1.5 11.5 -33.700005
16.371 16.371 1.5 11.5 -33.700005
16.397 16.391 1.5 11.5 -33.700005
16.411 16.411 1.5 11.5 -33.700005
16.431 16.431 1.5 11.5 -33.799995
16.451 16.451 1.3999996 11.5 -33.700005
16.471 16.471 1.3999996 11.5 -33.700005
16.491 16.491 1.5 11.5 -33.799995
16.511 16.511 1.5 11.5 -33.799995
16.531 16.531 1.5 11.5 -33.700005
16.551 16.551 1.5 11.5 -33.700005
16.571 16.571 1.3999996 11.5 -33.700005
16.591 16.591 1.3999996 11.5 -33.6
16.611 16.611 1.3999996 11.5 -33.6
16.631 16.631 1.3999996 11.5 -33.700005
16.651 16.651 1.3999996 11.5 -33.700005
16.671 16.671 1.5 11.5 -33.700005
16.691 16.691 1.3999996 11.5 -33.6
16.720 16.711 1.3999996 11.5 -33.6
16.731 16.731 1.3999996 11.5 -33.6
16.751 16.751 1.3999996 11.5 -33.5
16.771 16.771 1.5 11.5 -33.6
16.791 16.791 1.5 11.5 -33.6
16.811 16.811 1.5 11.5 -33.6
16.831 16.831 1.5 11.600006 -33.6
16.851 16.851 1.5 11.600006 -33.5
16.871 16.871 1.5 11.5 -33.5
16.891 16.891 1.5 11.5 -33.5
16.911 16.911 1.5 11.5 -33.6
16.931 16.931 1.5 11.5 -33.5
16.951 16.951 1.5 11.5 -33.6
16.971 16.971 1.5 11.5 -33.700005
16.999 16.991 1.5 11.5 -33.700005
17.011 17.011 1.5 11.5 -33.700005
17.031 17.031 1.5 11.5 -33.799995
17.051 17.051 1.5 11.5 -33.799995
17.071 17.071 1.5 11.5 -33.799995
17.091 17.091 1.5 11.5 -33.700005
17.111 17.111 1.5 11.5 -33.799995
17.164 17.126 1.5 11.5 -33.799995
17.164 17.138 1.5 11.5 -33.799995
17.164 17.150 1.5 11.5 -33.799995
17.171 17.160 1.5 11.5 -33.799995
17.181 17.171 1.6000004 11.5 -33.799995
17.191 17.181 1.6000004 11.5 -33.799995
17.201 17.191 1.6000004 11.5 -33.9
17.211 17.201 1.6000004 11.5 -33.9
17.223 17.211 1.6000004 11.5 -33.799995
17.231 17.221 1.6000004 11.5 -33.799995
17.241 17.231 1.6000004 11.5 -33.799995
17.251 17.241 1.6000004 11.5 -33.799995
17.261 17.251 1.6000004 11.5 -33.799995
17.271 17.261 1.6000004 11.5 -33.799995
17.281 17.271 1.6000004 11.5 -33.799995
17.291 17.281 1.6000004 11.5 -33.799995
17.301 17.291 1.6000004 11.5 -33.799995
17.311 17.301 1.6000004 11.5 -33.799995
17.321 17.311 1.6000004 11.399994 -33.799995
17.331 17.321 1.6000004 11.399994 -33.799995
17.341 17.331 1.6000004 11.399994 -33.799995
17.351 17.341 1.6000004 11.399994 -33.799995
17.361 17.351 1.6000004 11.399994 -33.799995
17.371 17.361 1.6000004 11.399994 -33.799995
17.381 17.371 1.6000004 11.300003 -33.799995
17.391 17.381 1.6000004 11.300003 -33.799995
17.401 17.391 1.6000004 11.300003 -33.799995
17.411 17.401 1.6000004 11.300003 -33.799995
17.421 17.411 1.6000004 11.300003 -33.9
17.431 17.421 1.6000004 11.300003 -33.9
17.441 17.431 1.6000004 11.300003 -33.799995
17.451 17.441 1.6000004 11.300003 -33.799995
17.462 17.451 1.6000004 11.300003 -33.799995
17.476 17.461 1.6000004 11.300003 -33.799995
17.481 17.471 1.6000004 11.300003 -33.9
17.495 17.481 1.6000004 11.300003 -33.9
17.501 17.491 1.6000004 11.300003 -33.9
17.511 17.501 1.6000004 11.300003 -33.9
17.521 17.511 1.6000004 11.300003 -33.799995
17.531 17.521 1.6000004 11.300003 -33.799995
17.541 17.531 1.6000004 11.300003 -33.799995
17.551 17.541 1.6000004 11.300003 -33.799995
17.561 17.551 1.6000004 11.199997 -33.799995
17.571 17.561 1.6000004 11.199997 -33.799995
17.581 17.571 1.6000004 11.199997 -33.700005
17.592 17.581 1.6000004 11.199997 -33.700005
17.602 17.591 1.6000004 11.199997 -33.6
17.612 17.601 1.6000004 11.199997 -33.6
17.623 17.611 1.6000004 11.199997 -33.6
17.632 17.621 1.6000004 11.199997 -33.6
17.642 17.631 1.6000004 11.199997 -33.5
17.652 17.641 1.6000004 11.199997 -33.5
17.662 17.651 1.6999998 11.199997 -33.6
17.672 17.661 1.6999998 11.199997 -33.6
17.682 17.671 1.6000004 11.100006 -33.6
17.692 17.681 1.6000004 11.100006 -33.6
17.702 17.691 1.6000004 11.100006 -33.6
17.712 17.701 1.6000004 11.100006 -33.6
17.723 17.711 1.6000004 11.100006 -33.5
17.732 17.721 1.6000004 11.100006 -33.5
17.742 17.731 1.6000004 11.100006 -33.5
17.752 17.741 1.6000004 11.100006 -33.5
17.762 17.751 1.5 11.100006 -33.5
17.772 17.761 1.5 11.100006 -33.5
17.782 17.771 1.5 11.100006 -33.5
17.791 17.781 1.5 11.100006 -33.5
17.801 17.791 1.5 11.0 -33.5
17.811 17.801 1.5 11.0 -33.5
17.821 17.811 1.5 11.0 -33.5
17.831 17.821 1.5 11.0 -33.5
17.841 17.831 1.5 11.0 -33.5
17.851 17.841 1.5 11.0 -33.5
17.861 17.851 1.5 11.0 -33.5
17.871 17.861 1.5 11.0 -33.5
17.881 17.871 1.3999996 11.0 -33.5
17.891 17.881 1.3999996 11.0 -33.5
17.901 17.891 1.3999996 11.0 -33.5
17.912 17.901 1.3999996 11.0 -33.5
17.922 17.911 1.3999996 11.0 -33.5
17.932 17.921 1.3999996 11.0 -33.5
17.942 17.931 1.3999996 11.100006 -33.5
17.952 17.941 1.3999996 11.100006 -33.5
17.962 17.951 1.3999996 11.0 -33.5
17.972 17.961 1.3999996 11.0 -33.5
17.982 17.971 1.3999996 11.0 -33.5
17.992 17.981 1.3999996 11.0 -33.5
18.002 17.991 1.3999996 11.0 -33.4
18.012 18.001 1.3999996 11.0 -33.4
18.022 18.011 1.3999996 11.0 -33.4
18.031 18.021 1.3999996 11.0 -33.4
18.042 18.031 1.3999996 11.0 -33.4
18.051 18.041 1.3999996 11.0 -33.4
18.062 18.051 1.3999996 11.0 -33.4
18.072 18.061 1.3999996 11.0 -33.4
18.082 18.071 1.3000002 11.0 -33.4
18.092 18.081 1.3000002 11.0 -33.4
18.102 18.091 1.3000002 11.0 -33.4
18.112 18.101 1.3000002 11.0 -33.4
18.123 18.111 1.3000002 11.0 -33.5
18.132 18.121 1.3000002 11.0 -33.5
18.143 18.131 1.3000002 11.0 -33.4
18.152 18.141 1.3000002 11.0 -33.4
18.162 18.151 1.3000002 11.0 -33.4
18.172 18.161 1.3000002 11.0 -33.4
18.182 18.171 1.3000002 11.0 -33.5
18.192 18.181 1.3000002 11.0 -33.5
18.202 18.191 1.3000002 11.0 -33.5
18.212 18.201 1.3000002 11.0 -33.5
18.222 18.211 1.1999998 11.0 -33.5
18.232 18.221 1.1999998 11.0 -33.5
18.243 18.231 1.1999998 11.0 -33.5
18.252 18.241 1.1999998 11.0 -33.5
18.262 18.251 1.1999998 11.0 -33.5
18.272 18.261 1.1999998 11.0 -33.5
18.282 18.271 1.3000002 11.0 -33.5
18.292 18.281 1.3000002 11.0 -33.5
18.302 18.291 1.3000002 11.0 -33.6
18.312 18.301 1.3000002 11.0 -33.6
18.322 18.311 1.1999998 11.0 -33.6
18.332 18.321 1.1999998 11.0 -33.6
18.343 18.331 1.1999998 11.0 -33.5
18.352 18.341 1.1999998 11.0 -33.5
18.362 18.351 1.1999998 11.0 -33.6
18.372 18.361 1.1999998 11.0 -33.6
18.381 18.371 1.3000002 11.0 -33.6
18.391 18.381 1.3000002 11.0 -33.6
18.402 18.391 1.3000002 11.0 -33.6
18.411 18.401 1.3000002 11.0 -33.6
18.421 18.411 1.3000002 11.0 -33.6
18.431 18.421 1.3000002 11.0 -33.6
18.441 18.431 1.1999998 11.0 -33.6
18.451 18.441 1.1999998 11.0 -33.6
18.461 18.451 1.1999998 10.899994 -33.6
18.472 18.461 1.1999998 10.899994 -33.6
18.482 18.471 1.1999998 10.899994 -33.700005
18.492 18.481 1.1999998 10.899994 -33.700005
18.502 18.491 1.1999998 10.899994 -33.700005
18.512 18.501 1.1999998 10.899994 -33.700005
18.523 18.511 1.1999998 10.899994 -33.700005
18.532 18.521 1.1999998 10.899994 -33.700005
18.542 18.531 1.1999998 10.899994 -33.700005
18.552 18.541 1.1999998 10.899994 -33.700005
18.563 18.551 1.1999998 10.899994 -33.700005
18.572 18.561 1.1999998 10.899994 -33.700005
18.582 18.571 1.1999998 10.899994 -33.700005
18.592 18.581 1.1999998 10.899994 -33.700005
18.605 18.591 1.1999998 10.899994 -33.700005
18.612 18.601 1.1999998 10.899994 -33.700005
18.623 18.611 1.1999998 10.899994 -33.700005
18.632 18.621 1.1999998 10.899994 -33.700005
18.642 18.631 1.1999998 10.899994 -33.700005
18.652 18.641 1.1999998 10.899994 -33.700005
18.662 18.651 1.1999998 10.899994 -33.700005
18.672 18.661 1.1999998 10.899994 -33.700005
18.681 18.671 1.1999998 10.899994 -33.799995
18.691 18.681 1.1999998 10.899994 -33.799995
18.701 18.691 1.1999998 10.899994 -33.700005
18.711 18.701 1.1999998 10.899994 -33.700005
18.721 18.711 1.1999998 10.899994 -33.700005
18.731 18.721 1.1999998 10.899994 -33.700005
18.741 18.731 1.1999998 10.899994 -33.700005
18.751 18.741 1.1999998 10.899994 -33.700005
18.761 18.751 1.1999998 10.899994 -33.700005
18.771 18.761 1.1999998 10.899994 -33.700005
18.781 18.771 1.1999998 11.0 -33.799995
18.791 18.781 1.1999998 11.0 -33.799995
18.801 18.791 1.1999998 10.899994 -33.799995
18.811 18.801 1.1999998 10.899994 -33.799995
18.822 18.811 1.1999998 10.899994 -33.799995
18.831 18.821 1.1999998 10.899994 -33.799995
18.842 18.831 1.1999998 10.899994 -33.799995
18.854 18.841 1.1999998 10.899994 -33.799995
18.863 18.851 1.1999998 10.899994 -33.799995
18.871 18.861 1.1999998 10.899994 -33.799995
18.882 18.871 1.1999998 11.0 -33.799995
18.891 18.881 1.1999998 11.0 -33.799995
18.901 18.891 1.1999998 11.0 -33.799995
18.911 18.901 1.1999998 11.0 -33.799995
18.921 18.911 1.1999998 11.0 -33.799995
18.932 18.921 1.1999998 11.0 -33.799995
18.942 18.931 1.3000002 11.0 -33.799995
18.952 18.941 1.3000002 11.0 -33.799995
18.962 18.951 1.1999998 11.0 -33.799995
18.971 18.961 1.1999998 11.0 -33.799995
18.982 18.971 1.1999998 11.0 -33.799995
18.991 18.981 1.1999998 11.0 -33.799995
19.001 18.991 1.1000004 11.0 -33.700005
19.011 19.001 1.1000004 11.0 -33.700005
19.021 19.011 1.1000004 11.0 -33.700005
19.031 19.021 1.1000004 11.0 -33.700005
19.041 19.031 1.1999998 11.0 -33.700005
19.051 19.041 1.1999998 11.0 -33.700005
19.061 19.051 1.1999998 11.0 -33.700005
19.072 19.061 1.1999998 11.0 -33.700005
19.082 19.071 1.1999998 11.0 -33.6
19.092 19.081 1.1999998 11.0 -33.6
19.102 19.091 1.1999998 11.0 -33.6
19.112 19.101 1.1999998 11.0 -33.6
19.122 19.111 1.1999998 11.0 -33.700005
19.131 19.121 1.1999998 11.0 -33.700005
19.142 19.131 1.1000004 11.0 -33.700005
19.152 19.141 1.1000004 11.0 -33.700005
19.162 19.151 1.1000004 11.0 -33.700005
19.172 19.161 1.1000004 11.0 -33.700005
19.182 19.171 1.1000004 11.100006 -33.700005
19.192 19.181 1.1000004 11.100006 -33.700005
19.202 19.191 1.0 11.100006 -33.700005
19.212 19.201 1.0 11.100006 -33.700005
19.222 19.211 1.0 11.100006 -33.700005
19.232 19.221 1.0 11.100006 -33.700005
19.243 19.231 1.0 11.0 -33.700005
19.255 19.241 1.0 11.0 -33.700005
19.262 19.251 1.1000004 11.100006 -33.700005
19.272 19.261 1.1000004 11.100006 -33.700005
19.282 19.271 1.1000004 11.0 -33.700005
19.292 19.281 1.1000004 11.0 -33.700005
19.305 19.291 1.1000004 11.100006 -33.700005
19.312 19.301 1.1000004 11.100006 -33.700005
19.322 19.311 1.1000004 11.100006 -33.700005
19.332 19.321 1.1000004 11.100006 -33.700005
19.342 19.331 1.1000004 11.100006 -33.700005
19.353 19.341 1.1000004 11.100006 -33.700005
19.362 19.351 1.1000004 11.100006 -33.700005
19.372 19.361 1.1000004 11.100006 -33.700005
19.382 19.371 1.1000004 11.100006 -33.700005
19.392 19.381 1.1000004 11.100006 -33.700005
19.402 19.391 1.1000004 11.100006 -33.6
19.412 19.401 1.1000004 11.100006 -33.6
19.423 19.411 1.1000004 11.100006 -33.6
19.432 19.421 1.1000004 11.100006 -33.6
19.442 19.431 1.1000004 11.100006 -33.6
19.452 19.441 1.1000004 11.100006 -33.6
19.462 19.451 1.1000004 11.100006 -33.6
19.472 19.461 1.1000004 11.100006 -33.6
19.484 19.471 1.0 11.100006 -33.700005
19.492 19.481 1.0 11.100006 -33.700005
19.502 19.491 1.0 11.100006 -33.6
19.512 19.501 1.0 11.100006 -33.6
19.522 19.511 1.0 11.100006 -33.6
19.532 19.521 1.0 11.100006 -33.6
19.542 19.531 1.0 11.199997 -33.700005
19.552 19.541 1.0 11.199997 -33.700005
19.562 19.551 1.0 11.199997 -33.700005
19.571 19.561 1.0 11.199997 -33.700005
19.582 19.571 1.1000004 11.199997 -33.700005
19.591 19.581 1.1000004 11.199997 -33.700005
19.602 19.591 1.1000004 11.199997 -33.700005
19.611 19.601 1.1000004 11.199997 -33.700005
19.621 19.611 1.1000004 11.199997 -33.700005
19.631 19.621 1.1000004 11.199997 -33.700005
19.641 19.631 1.1000004 11.199997 -33.700005
19.651 19.641 1.1000004 11.199997 -33.700005
19.661 19.651 1.1999998 11.199997 -33.799995
19.672 19.661 1.1999998 11.199997 -33.799995
19.682 19.671 1.1999998 11.300003 -33.799995
19.692 19.681 1.1999998 11.300003 -33.799995
19.702 19.691 1.1999998 11.300003 -33.799995
19.712 19.701 1.1999998 11.300003 -33.799995
19.722 19.711 1.1999998 11.300003 -33.799995
19.732 19.721 1.1999998 11.300003 -33.799995
19.742 19.731 1.1999998 11.300003 -33.700005
19.752 19.741 1.1999998 11.300003 -33.700005
19.762 19.751 1.1999998 11.300003 -33.700005
19.773 19.761 1.1999998 11.300003 -33.700005
19.784 19.771 1.3000002 11.300003 -33.700005
19.792 19.781 1.3000002 11.300003 -33.700005
19.802 19.791 1.3000002 11.300003 -33.6
19.812 19.801 1.3000002 11.300003 -33.6
19.823 19.811 1.3000002 11.399994 -33.700005
19.832 19.821 1.3000002 11.399994 -33.700005
19.842 19.831 1.3000002 11.399994 -33.700005
19.852 19.841 1.3000002 11.399994 -33.700005
19.863 19.851 1.3000002 11.399994 -33.700005
19.872 19.861 1.3000002 11.399994 -33.700005
19.883 19.871 1.1999998 11.399994 -33.700005
19.892 19.881 1.1999998 11.399994 -33.700005
19.902 19.891 1.1999998 11.399994 -33.6
19.912 19.901 1.1999998 11.399994 -33.6
19.922 19.911 1.1999998 11.399994 -33.6
19.932 19.921 1.1999998 11.399994 -33.6
19.942 19.931 1.1999998 11.300003 -33.700005
19.952 19.941 1.1999998 11.300003 -33.700005
19.962 19.951 1.1999998 11.300003 -33.6
19.972 19.961 1.1999998 11.300003 -33.6
19.984 19.971 1.1999998 11.300003 -33.6
19.992 19.981 1.1999998 11.300003 -33.6
20.003 19.991 1.1999998 11.300003 -33.6
20.012 20.001 1.1999998 11.300003 -33.6
20.022 20.011 1.1999998 11.300003 -33.700005
20.033 20.021 1.1999998 11.300003 -33.700005
20.042 20.031 1.1999998 11.300003 -33.700005
20.052 20.041 1.1999998 11.300003 -33.700005
20.065 20.051 1.1999998 11.300003 -33.700005
20.073 20.061 1.1999998 11.300003 -33.700005
20.082 20.071 1.1999998 11.300003 -33.700005
20.092 20.081 1.1999998 11.300003 -33.700005
20.103 20.091 1.1999998 11.399994 -33.700005
20.111 20.101 1.1999998 11.399994 -33.700005
20.122 20.111 1.3000002 11.300003 -33.700005
20.132 20.121 1.3000002 11.300003 -33.700005
20.142 20.131 1.3000002 11.300003 -33.700005
20.152 20.141 1.3000002 11.300003 -33.700005
20.165 20.151 1.3000002 11.300003 -33.700005
20.172 20.161 1.3000002 11.300003 -33.700005
20.182 20.171 1.1999998 11.300003 -33.799995
20.191 20.181 1.1999998 11.300003 -33.799995
20.201 20.191 1.1999998 11.300003 -33.799995
20.211 20.201 1.1999998 11.300003 -33.799995
20.221 20.211 1.1999998 11.199997 -33.9
20.231 20.221 1.1999998 11.199997 -33.9
20.241 20.231 1.1999998 11.199997 -33.799995
20.251 20.241 1.1999998 11.199997 -33.799995
20.261 20.251 1.1000004 11.199997 -33.9
20.271 20.261 1.1000004 11.199997 -33.9
20.282 20.271 1.1000004 11.300003 -33.9
20.291 20.281 1.1000004 11.300003 -33.9
20.301 20.291 1.1000004 11.199997 -33.9
20.311 20.301 1.1000004 11.199997 -33.9
20.322 20.311 1.1000004 11.199997 -33.9
20.334 20.321 1.1000004 11.199997 -33.9
20.342 20.331 1.1000004 11.199997 -33.9
20.352 20.341 1.1000004 11.199997 -33.9
20.362 20.351 1.1000004 11.199997 -34.0
20.372 20.361 1.1000004 11.199997 -34.0
20.382 20.371 1.1000004 11.199997 -33.9
20.392 20.381 1.1000004 11.199997 -33.9
20.403 20.391 1.0 11.100006 -34.0
20.412 20.401 1.0 11.100006 -34.0
20.422 20.411 1.0 11.100006 -33.9
20.432 20.421 1.0 11.100006 -33.9
20.442 20.431 1.0 11.100006 -33.799995
20.452 20.441 1.0 11.100006 -33.799995
20.462 20.451 1.1000004 11.100006 -33.9
20.472 20.461 1.1000004 11.100006 -33.9
20.483 20.471 1.1000004 11.100006 -33.9
20.492 20.481 1.1000004 11.100006 -33.9
20.502 20.491 1.1000004 11.100006 -33.9
20.512 20.501 1.1000004 11.100006 -33.9
20.522 20.511 1.1000004 11.100006 -33.9
20.532 20.521 1.1000004 11.100006 -33.9
20.542 20.531 1.1999998 11.100006 -33.799995
20.553 20.541 1.1999998 11.100006 -33.799995
20.562 20.551 1.1999998 11.100006 -33.799995
20.572 20.561 1.1999998 11.100006 -33.799995
20.582 20.571 1.1999998 11.100006 -33.9
20.592 20.581 1.1999998 11.100006 -33.9
20.602 20.591 1.1999998 11.100006 -33.9
20.612 20.601 1.1999998 11.100006 -33.9
20.622 20.611 1.1999998 11.100006 -33.9
20.632 20.621 1.1999998 11.100006 -33.9
20.642 20.631 1.1999998 11.100006 -33.9
20.652 20.641 1.1999998 11.100006 -33.9
20.662 20.651 1.1999998 11.100006 -33.9
20.672 20.661 1.1999998 11.100006 -33.9
20.682 20.671 1.1999998 11.100006 -33.799995
20.691 20.681 1.1999998 11.100006 -33.799995
20.702 20.691 1.1000004 11.100006 -33.799995
20.712 20.701 1.1000004 11.100006 -33.799995
20.722 20.711 1.1000004 11.100006 -33.9
20.732 20.721 1.1000004 11.100006 -33.9
20.742 20.731 1.1000004 11.100006 -33.799995
20.753 20.741 1.1000004 11.100006 -33.799995
20.764 20.751 1.1000004 11.100006 -33.799995
20.772 20.761 1.1000004 11.100006 -33.799995
20.782 20.771 1.1000004 11.100006 -33.799995
20.791 20.781 1.1000004 11.100006 -33.799995
20.801 20.791 1.1999998 11.100006 -33.700005
20.811 20.801 1.1999998 11.100006 -33.700005
20.821 20.811 1.1999998 11.100006 -33.700005
20.831 20.821 1.1999998 11.100006 -33.700005
20.841 20.831 1.1999998 11.100006 -33.799995
20.851 20.841 1.1999998 11.100006 -33.799995
20.861 20.851 1.1999998 11.100006 -33.799995
20.871 20.861 1.1999998 11.100006 -33.799995
20.882 20.871 1.1999998 11.100006 -33.700005
20.891 20.881 1.1999998 11.100006 -33.700005
20.902 20.891 1.1999998 11.100006 -33.700005
20.912 20.901 1.1999998 11.100006 -33.700005
20.922 20.911 1.1999998 11.100006 -33.799995
20.932 20.921 1.1999998 11.100006 -33.799995
20.943 20.931 1.1999998 11.100006 -33.9
20.952 20.941 1.1999998 11.100006 -33.9
20.963 20.951 1.1000004 11.100006 -33.799995
20.972 20.961 1.1000004 11.100006 -33.799995
20.982 20.971 1.1000004 11.0 -33.799995
20.992 20.981 1.1000004 11.0 -33.799995
21.002 20.991 1.1000004 11.100006 -33.799995
21.012 21.001 1.1000004 11.100006 -33.799995
21.022 21.011 1.1000004 11.100006 -33.799995
21.032 21.021 1.1000004 11.100006 -33.799995
21.042 21.031 1.1000004 11.100006 -33.799995
21.052 21.041 1.1000004 11.100006 -33.799995
21.063 21.051 1.1000004 11.100006 -33.799995
21.072 21.061 1.1000004 11.100006 -33.799995
21.082 21.071 1.1000004 11.100006 -33.799995
21.092 21.081 1.1000004 11.100006 -33.799995
21.102 21.091 1.0 11.100006 -33.799995
21.113 21.101 1.0 11.100006 -33.799995
21.122 21.111 1.0 11.0 -33.700005
21.132 21.121 1.0 11.0 -33.700005
21.143 21.131 1.0 11.0 -33.799995
21.152 21.141 1.0 11.0 -33.799995
21.162 21.151 1.0 11.0 -33.700005
21.171 21.161 1.0 11.0 -33.700005
21.181 21.171 1.0 11.0 -33.700005
21.191 21.181 1.0 11.0 -33.700005
21.201 21.191 1.0 11.0 -33.6
21.211 21.201 1.0 11.0 -33.6
21.222 21.211 1.0 11.0 -33.6
21.232 21.221 1.0 11.0 -33.6
21.247 21.231 1.0 11.0 -33.5
21.253 21.241 1.0 11.0 -33.5
21.262 21.251 1.0 11.0 -33.5
21.272 21.261 1.0 11.0 -33.5
21.282 21.271 1.0 11.0 -33.6
21.292 21.281 1.0 11.0 -33.6
21.302 21.291 1.0 11.0 -33.6
21.312 21.301 1.0 11.0 -33.6
21.322 21.311 1.0 11.0 -33.6
21.332 21.321 1.0 11.0 -33.6
21.345 21.331 1.0 10.899994 -33.6
21.352 21.341 1.0 10.899994 -33.6
21.362 21.351 1.0 10.899994 -33.6
21.371 21.361 1.0 10.899994 -33.6
21.381 21.371 1.0 10.899994 -33.6
21.391 21.381 1.0 10.899994 -33.6
21.401 21.391 1.0 10.899994 -33.6
21.411 21.401 1.0 10.899994 -33.6
21.421 21.411 1.0 10.899994 -33.700005
21.431 21.421 1.0 10.899994 -33.700005
21.441 21.431 1.0 10.899994 -33.6
21.451 21.441 1.0 10.899994 -33.6
21.461 21.451 1.0 10.899994 -33.6
21.471 21.461 1.0 10.899994 -33.6
21.481 21.471 1.0 10.899994 -33.6
21.492 21.481 1.0 10.899994 -33.6
21.502 21.491 1.0 10.800003 -33.5
21.512 21.501 1.0 10.800003 -33.5
21.522 21.511 1.0 10.899994 -33.4
21.532 21.521 1.0 10.899994 -33.4
21.542 21.531 1.0 10.899994 -33.299995
21.552 21.541 1.0 10.899994 -33.299995
21.562 21.551 1.1000004 10.899994 -33.4
21.572 21.561 1.1000004 10.899994 -33.4
21.583 21.571 1.1000004 10.899994 -33.5
21.592 21.581 1.1000004 10.899994 -33.5
21.602 21.591 1.1000004 10.800003 -33.5
21.612 21.601 1.1000004 10.800003 -33.5
21.622 21.611 1.1000004 10.800003 -33.5
21.632 21.621 1.1000004 10.800003 -33.5
21.642 21.631 1.0 10.800003 -33.5
21.652 21.641 1.0 10.800003 -33.5
21.664 21.651 1.0 10.800003 -33.6
21.672 21.661 1.0 10.800003 -33.6
21.682 21.671 1.1000004 10.800003 -33.6
21.692 21.681 1.1000004 10.800003 -33.6
21.702 21.691 1.1000004 10.699997 -33.6
21.712 21.701 1.1000004 10.699997 -33.6
21.722 21.711 1.1000004 10.699997 -33.700005
21.732 21.721 1.1000004 10.699997 -33.700005
21.742 21.731 1.1000004 10.699997 -33.700005
21.752 21.741 1.1000004 10.699997 -33.700005
21.763 21.751 1.1000004 10.699997 -33.799995
21.772 21.761 1.1000004 10.699997 -33.799995
21.782 21.771 1.0 10.699997 -33.799995
21.791 21.781 1.0 10.699997 -33.799995
21.801 21.791 1.0 10.699997 -33.9
21.811 21.801 1.0 10.699997 -33.9
21.821 21.811 1.0 10.699997 -34.0
21.831 21.821 1.0 10.699997 -34.0
21.841 21.831 1.0 10.600006 -34.0
21.852 21.841 1.0 10.600006 -34.0
21.862 21.851 1.0 10.600006 -34.0
21.871 21.861 1.0 10.600006 -34.0
21.882 21.871 1.0 10.600006 -34.0
21.893 21.881 1.0 10.600006 -34.0
21.902 21.891 1.0 10.600006 -34.0
21.912 21.901 1.0 10.600006 -34.0
21.922 21.911 1.0 10.600006 -33.9
21.932 21.921 1.0 10.600006 -33.9
21.943 21.931 1.1000004 10.600006 -33.9
21.952 21.941 1.1000004 10.600006 -33.9
21.962 21.951 1.1000004 10.600006 -33.9
21.972 21.961 1.1000004 10.600006 -33.9
21.983 21.971 1.1000004 10.5 -34.0
21.993 21.981 1.1000004 10.5 -34.0
22.001 21.991 1.0 10.5 -34.0
22.011 22.001 1.0 10.5 -34.0
22.022 22.011 1.1000004 10.5 -34.0
22.031 22.021 1.1000004 10.5 -34.0
22.041 22.031 1.1000004 10.5 -34.1
22.051 22.041 1.1000004 10.5 -34.1
22.061 22.051 1.1000004 10.5 -34.1
22.071 22.061 1.1000004 10.5 -34.1
22.081 22.071 1.1000004 10.5 -34.200005
22.092 22.081 1.1000004 10.5 -34.200005
22.102 22.091 1.1000004 10.5 -34.200005
22.112 22.101 1.1000004 10.5 -34.200005
22.122 22.111 1.1999998 10.5 -34.299995
22.132 22.121 1.1999998 10.5 -34.299995
22.143 22.131 1.1999998 10.5 -34.4
22.152 22.141 1.1999998 10.5 -34.4
22.162 22.151 1.1000004 10.5 -34.299995
22.173 22.161 1.1000004 10.5 -34.299995
22.182 22.171 1.1000004 10.5 -34.4
22.193 22.181 1.1000004 10.5 -34.4
22.202 22.191 1.1999998 10.600006 -34.4
22.212 22.201 1.1999998 10.600006 -34.4
22.222 22.211 1.1999998 10.600006 -34.4
22.232 22.221 1.1999998 10.600006 -34.4
22.244 22.231 1.1999998 10.600006 -34.5
22.252 22.241 1.1999998 10.600006 -34.5
22.262 22.251 1.1999998 10.600006 -34.5
22.272 22.261 1.1999998 10.600006 -34.5
22.282 22.271 1.1999998 10.600006 -34.5
22.292 22.281 1.1999998 10.600006 -34.5
22.302 22.291 1.3000002 10.600006 -34.5
22.312 22.301 1.3000002 10.600006 -34.5
22.323 22.311 1.1999998 10.600006 -34.6
22.332 22.321 1.1999998 10.600006 -34.6
22.342 22.331 1.1999998 10.699997 -34.6
22.352 22.341 1.1999998 10.699997 -34.6
22.362 22.351 1.1999998 10.699997 -34.6
22.372 22.361 1.1999998 10.699997 -34.6
22.382 22.371 1.1999998 10.699997 -34.6
22.394 22.381 1.1999998 10.699997 -34.6
22.402 22.391 1.1999998 10.699997 -34.6
22.412 22.401 1.1999998 10.699997 -34.6
22.422 22.411 1.1999998 10.699997 -34.6
22.432 22.421 1.1999998 10.699997 -34.6
22.443 22.431 1.1999998 10.699997 -34.6
22.451 22.441 1.1999998 10.699997 -34.6
22.461 22.451 1.1000004 10.699997 -34.6
22.471 22.461 1.1000004 10.699997 -34.6
22.481 22.471 1.1000004 10.699997 -34.6
22.491 22.481 1.1000004 10.699997 -34.6
22.501 22.491 1.1000004 10.800003 -34.6
22.511 22.501 1.1000004 10.800003 -34.6
22.521 22.511 1.0 10.699997 -34.6
22.531 22.521 1.0 10.699997 -34.6
22.543 22.531 1.0 10.699997 -34.6
22.552 22.541 1.0 10.699997 -34.6
22.563 22.551 1.0 10.699997 -34.6
22.573 22.561 1.0 10.699997 -34.6
22.582 22.571 1.0 10.699997 -34.6
22.591 22.581 1.0 10.699997 -34.6
22.601 22.591 1.0 10.699997 -34.6
22.611 22.601 1.0 10.699997 -34.6
22.622 22.611 1.0 10.800003 -34.6
22.631 22.621 1.0 10.800003 -34.6
22.641 22.631 1.0 10.800003 -34.5
22.651 22.641 1.0 10.800003 -34.5
22.661 22.651 1.0 10.800003 -34.5
22.671 22.661 1.0 10.800003 -34.5
22.681 22.671 1.0 10.800003 -34.4
22.692 22.681 1.0 10.800003 -34.4
22.702 22.691 1.0 10.699997 -34.4
22.712 22.701 1.0 10.699997 -34.4
22.723 22.711 1.0 10.699997 -34.5
22.731 22.721 1.0 10.699997 -34.5
22.742 22.731 1.0 10.800003 -34.5
22.751 22.741 1.0 10.800003 -34.5
22.762 22.751 1.0 10.800003 -34.5
22.773 22.761 1.0 10.800003 -34.5
22.782 22.771 1.0 10.800003 -34.5
22.792 22.781 1.0 10.800003 -34.5
22.802 22.791 1.0 10.699997 -34.5
22.812 22.801 1.0 10.699997 -34.5
22.823 22.811 1.0 10.800003 -34.5
22.832 22.821 1.0 10.800003 -34.5
22.842 22.831 1.0 10.800003 -34.5
22.852 22.841 1.0 10.800003 -34.5
22.862 22.851 1.0 10.699997 -34.4
22.872 22.861 1.0 10.699997 -34.4
22.882 22.871 1.0 10.699997 -34.5
22.892 22.881 1.0 10.699997 -34.5
22.902 22.891 1.0 10.699997 -34.4
22.912 22.901 1.0 10.699997 -34.4
22.923 22.911 1.0 10.800003 -34.4
22.932 22.921 1.0 10.800003 -34.4
22.942 22.931 1.0 10.699997 -34.4
22.952 22.941 1.0 10.699997 -34.4
22.962 22.951 1.0 10.699997 -34.299995
22.972 22.961 1.0 10.699997 -34.299995
22.982 22.971 1.1000004 10.800003 -34.299995
22.992 22.981 1.1000004 10.800003 -34.299995
23.002 22.991 1.1000004 10.800003 -34.299995
23.012 23.001 1.1000004 10.800003 -34.299995
23.023 23.011 1.1999998 10.800003 -34.299995
23.032 23.021 1.1999998 10.800003 -34.299995
23.042 23.031 1.1999998 10.800003 -34.299995
23.052 23.041 1.1999998 10.800003 -34.299995
23.063 23.051 1.1999998 10.800003 -34.299995
23.072 23.061 1.1999998 10.800003 -34.299995
23.083 23.071 1.1999998 10.800003 -34.299995
23.092 23.081 1.1999998 10.800003 -34.299995
23.103 23.091 1.3000002 10.800003 -34.4
23.112 23.101 1.3000002 10.800003 -34.4
23.123 23.111 1.3000002 10.800003 -34.4
23.132 23.121 1.3000002 10.800003 -34.4
23.143 23.131 1.3000002 10.800003 -34.5
23.152 23.141 1.3000002 10.800003 -34.5
23.162 23.151 1.3000002 10.800003 -34.5
23.172 23.161 1.3000002 10.800003 -34.5
23.182 23.171 1.3000002 10.800003 -34.6
23.191 23.181 1.3000002 10.800003 -34.6
23.201 23.191 1.3000002 10.800003 -34.6
23.211 23.201 1.3000002 10.800003 -34.6
23.222 23.211 1.1999998 10.800003 -34.6
23.231 23.221 1.1999998 10.800003 -34.6
23.241 23.231 1.1999998 10.800003 -34.6
23.251 23.241 1.1999998 10.800003 -34.6
23.261 23.251 1.1999998 10.800003 -34.6
23.271 23.261 1.1999998 10.800003 -34.6
23.281 23.271 1.3000002 10.800003 -34.6
23.292 23.281 1.3000002 10.800003 -34.6
23.302 23.291 1.3000002 10.800003 -34.6
23.312 23.301 1.3000002 10.800003 -34.6
23.323 23.311 1.3000002 10.800003 -34.6
23.332 23.321 1.3000002 10.800003 -34.6
23.342 23.331 1.3000002 10.800003 -34.6
23.352 23.341 1.3000002 10.800003 -34.6
23.362 23.351 1.3000002 10.699997 -34.6
23.372 23.361 1.3000002 10.699997 -34.6
23.382 23.371 1.3000002 10.699997 -34.6
23.392 23.381 1.3000002 10.699997 -34.6
23.402 23.391 1.3000002 10.699997 -34.5
23.412 23.401 1.3000002 10.699997 -34.5
23.423 23.411 1.3000002 10.699997 -34.5
23.432 23.421 1.3000002 10.699997 -34.5
23.442 23.431 1.3000002 10.699997 -34.5
23.452 23.441 1.3000002 10.699997 -34.5
23.462 23.451 1.3000002 10.699997 -34.6
23.472 23.461 1.3000002 10.699997 -34.6
23.482 23.471 1.3000002 10.699997 -34.5
23.492 23.481 1.3000002 10.699997 -34.5
23.504 23.491 1.3000002 10.699997 -34.5
23.512 23.501 1.3000002 10.699997 -34.5
23.522 23.511 1.1999998 10.699997 -34.5
23.531 23.521 1.1999998 10.699997 -34.5
23.541 23.531 1.1999998 10.600006 -34.5
23.551 23.541 1.1999998 10.600006 -34.5
23.561 23.551 1.3000002 10.600006 -34.5
23.571 23.561 1.3000002 10.600006 -34.5
23.581 23.571 1.1999998 10.600006 -34.6
23.592 23.581 1.1999998 10.600006 -34.6
23.603 23.591 1.1999998 10.600006 -34.6
23.612 23.601 1.1999998 10.600006 -34.6
23.622 23.611 1.1999998 10.5 -34.6
23.632 23.621 1.1999998 10.5 -34.6
23.641 23.631 1.1999998 10.5 -34.700005
23.653 23.641 1.1999998 10.5 -34.700005
23.661 23.651 1.1000004 10.5 -34.6
23.672 23.661 1.1000004 10.5 -34.6
23.681 23.671 1.1999998 10.5 -34.6
23.711 23.691 1.1999998 10.5 -34.6
23.731 23.711 1.1000004 10.5 -34.5
23.752 23.731 1.1999998 10.5 -34.5
23.771 23.751 1.1999998 10.5 -34.4
23.791 23.771 1.1999998 10.5 -34.4
23.811 23.791 1.1999998 10.5 -34.4
23.831 23.811 1.1999998 10.600006 -34.4
23.851 23.831 1.1999998 10.600006 -34.299995
23.871 23.851 1.1999998 10.600006 -34.299995
23.891 23.871 1.1000004 10.600006 -34.4
23.911 23.891 1.1000004 10.600006 -34.299995
23.931 23.911 1.1000004 10.600006 -34.299995
23.951 23.931 1.1000004 10.699997 -34.299995
23.971 23.951 1.1000004 10.699997 -34.299995
23.991 23.971 1.1000004 10.699997 -34.299995
24.011 23.991 1.1000004 10.699997 -34.299995
24.031 24.011 1.1999998 10.800003 -34.299995
24.051 24.031 1.1000004 10.800003 -34.299995
24.071 24.051 1.1000004 10.800003 -34.299995
24.091 24.071 1.1000004 10.800003 -34.299995
24.111 24.091 1.1000004 10.800003 -34.200005
24.131 24.111 1.1000004 10.899994 -34.299995
24.151 24.131 1.1000004 10.899994 -34.200005
24.171 24.151 1.1000004 11.0 -34.299995
24.191 24.171 1.1000004 11.0 -34.200005
24.211 24.191 1.1000004 11.0 -34.200005
24.231 24.211 1.1000004 11.0 -34.200005
24.251 24.231 1.1000004 11.100006 -34.200005
24.271 24.251 1.1000004 11.100006 -34.299995
24.291 24.271 1.1000004 11.100006 -34.299995
24.311 24.291 1.1000004 11.100006 -34.299995
24.331 24.311 1.1999998 11.199997 -34.299995
24.351 24.331 1.1999998 11.199997 -34.299995
24.371 24.351 1.1000004 11.199997 -34.299995
24.407 24.371 1.1000004 11.199997 -34.4
24.416 24.391 1.1000004 11.199997 -34.299995
24.434 24.411 1.1000004 11.199997 -34.299995
24.458 24.431 1.1999998 11.199997 -34.4
24.471 24.451 1.1999998 11.199997 -34.4
24.491 24.471 1.1000004 11.199997 -34.299995
24.511 24.491 1.1000004 11.199997 -34.299995
24.531 24.511 1.1999998 11.199997 -34.299995
24.551 24.531 1.1999998 11.199997 -34.200005
24.571 24.551 1.1999998 11.199997 -34.200005
24.591 24.571 1.1999998 11.199997 -34.200005
24.611 24.591 1.1999998 11.199997 -34.200005
24.631 24.611 1.1999998 11.199997 -34.200005
24.651 24.631 1.1999998 11.199997 -34.200005
24.671 24.651 1.1999998 11.199997 -34.200005
24.691 24.671 1.1999998 11.199997 -34.1
24.711 24.691 1.1999998 11.199997 -34.200005
24.732 24.711 1.3000002 11.199997 -34.200005
24.752 24.731 1.3000002 11.199997 -34.200005
24.771 24.751 1.3000002 11.100006 -34.200005
24.791 24.771 1.3000002 11.100006 -34.200005
24.811 24.791 1.3000002 11.199997 -34.200005
24.831 24.811 1.3999996 11.199997 -34.299995
24.851 24.831 1.3999996 11.199997 -34.299995
24.871 24.851 1.3999996 11.199997 -34.299995
24.891 24.871 1.3000002 11.199997 -34.299995
24.911 24.891 1.3000002 11.199997 -34.299995
24.931 24.911 1.3000002 11.199997 -34.200005
24.951 24.931 1.3000002 11.100006 -34.200005
24.972 24.951 1.3000002 11.199997 -34.200005
24.992 24.971 1.3000002 11.199997 -34.1
25.012 24.991 1.3000002 11.100006 -34.1
25.034 25.011 1.3000002 11.199997 -34.1
25.052 25.031 1.3000002 11.199997 -34.1
25.072 25.051 1.3000002 11.199997 -34.1
25.092 25.071 1.3999996 11.199997 -34.200005
25.112 25.091 1.3999996 11.199997 -34.200005
25.133 25.111 1.5 11.199997 -34.200005
25.152 25.131 1.3999996 11.100006 -34.299995
25.172 25.151 1.3999996 11.100006 -34.200005
25.192 25.171 1.3999996 11.100006 -34.200005
25.212 25.191 1.3999996 11.100006 -34.1
25.232 25.211 1.3999996 11.100006 -34.1
25.253 25.231 1.3999996 11.100006 -34.1
25.272 25.251 1.3999996 11.100006 -34.1
25.292 25.271 1.3999996 11.100006 -34.1
25.312 25.291 1.3999996 11.100006 -34.1
25.333 25.311 1.3999996 11.0 -34.1
25.352 25.331 1.3999996 11.100006 -34.0
25.372 25.351 1.3999996 11.0 -34.1
25.392 25.371 1.3999996 11.0 -34.1
25.413 25.391 1.3999996 11.0 -34.0
25.432 25.411 1.3000002 11.0 -34.0
25.452 25.431 1.3000002 11.0 -34.0
25.472 25.451 1.3000002 11.0 -34.0
25.493 25.471 1.3000002 10.899994 -34.0
25.512 25.491 1.3000002 10.899994 -34.0
25.532 25.511 1.3000002 10.899994 -34.200005
25.553 25.531 1.3000002 10.899994 -34.200005
25.574 25.551 1.3000002 10.899994 -34.200005
25.591 25.571 1.3000002 10.899994 -34.200005
25.612 25.591 1.3000002 10.899994 -34.200005
25.631 25.611 1.3000002 10.899994 -34.200005
25.651 25.631 1.3000002 10.800003 -34.200005
25.671 25.651 1.3000002 10.800003 -34.1
25.691 25.671 1.1999998 10.800003 -34.200005
25.712 25.691 1.1999998 10.800003 -34.1
25.732 25.711 1.1999998 10.800003 -34.200005
25.752 25.731 1.1999998 10.800003 -34.200005
25.772 25.751 1.1999998 10.800003 -34.299995
25.791 25.771 1.1000004 10.800003 -34.299995
25.812 25.791 1.1000004 10.800003 -34.299995
25.831 25.811 1.1000004 10.800003 -34.4
25.851 25.831 1.1999998 10.800003 -34.4
25.871 25.851 1.1999998 10.800003 -34.4
25.891 25.871 1.1999998 10.699997 -34.4
25.911 25.891 1.1999998 10.699997 -34.4
25.931 25.911 1.1000004 10.699997 -34.4
25.951 25.931 1.1000004 10.699997 -34.5
25.971 25.951 1.1000004 10.699997 -34.5
25.991 25.971 1.1000004 10.699997 -34.5
26.011 25.991 1.1999998 10.699997 -34.5
26.031 26.011 1.1999998 10.699997 -34.6
26.051 26.031 1.3000002 10.699997 -34.6
26.071 26.051 1.3000002 10.699997 -34.700005
26.092 26.071 1.3000002 10.699997 -34.6
26.112 26.091 1.3999996 10.699997 -34.6
26.132 26.111 1.3999996 10.699997 -34.5
26.152 26.131 1.3999996 10.699997 -34.5
26.172 26.151 1.3999996 10.699997 -34.5
26.192 26.171 1.3999996 10.600006 -34.5
26.214 26.191 1.3999996 10.699997 -34.5
26.232 26.211 1.3999996 10.699997 -34.5
26.253 26.231 1.3999996 10.699997 -34.5
26.272 26.251 1.3999996 10.699997 -34.5
26.292 26.271 1.5 10.699997 -34.5
26.312 26.291 1.5 10.699997 -34.6
26.331 26.311 1.5 10.800003 -34.6
26.351 26.331 1.6000004 10.800003 -34.6
26.371 26.351 1.6000004 10.800003 -34.6
26.391 26.371 1.6000004 10.800003 -34.6
26.411 26.391 1.6000004 10.800003 -34.700005
26.432 26.411 1.6000004 10.699997 -34.700005
26.455 26.431 1.6000004 10.699997 -34.700005
26.472 26.451 1.6000004 10.699997 -34.700005
26.492 26.471 1.6000004 10.699997 -34.700005
26.512 26.491 1.6000004 10.699997 -34.700005
26.533 26.511 1.6000004 10.699997 -34.700005
26.552 26.531 1.6000004 10.699997 -34.700005
26.572 26.551 1.6000004 10.699997 -34.700005
26.592 26.571 1.6000004 10.699997 -34.700005
26.612 26.591 1.6000004 10.600006 -34.700005
26.632 26.611 1.6000004 10.600006 -34.6
26.652 26.631 1.5 10.600006 -34.6
26.672 26.651 1.5 10.600006 -34.6
26.692 26.671 1.5 10.600006 -34.6
26.712 26.691 1.6000004 10.600006 -34.6
26.732 26.711 1.6000004 10.5 -34.6
26.752 26.731 1.5 10.5 -34.6
26.772 26.751 1.5 10.5 -34.700005
26.792 26.771 1.5 10.399994 -34.700005
26.812 26.791 1.5 10.399994 -34.700005
26.832 26.811 1.5 10.399994 -34.700005
26.852 26.831 1.5 10.399994 -34.799995
26.873 26.851 1.6000004 10.399994 -34.799995
26.892 26.871 1.6000004 10.399994 -34.700005
26.912 26.891 1.6000004 10.399994 -34.700005
26.932 26.911 1.6000004 10.399994 -34.700005
26.951 26.931 1.5 10.399994 -34.700005
26.971 26.951 1.5 10.300003 -34.700005
26.991 26.971 1.5 10.300003 -34.6
27.011 26.991 1.5 10.300003 -34.700005
27.031 27.011 1.3999996 10.300003 -34.6
27.052 27.031 1.5 10.300003 -34.6
27.072 27.051 1.5 10.399994 -34.700005
27.092 27.071 1.5 10.399994 -34.700005
27.112 27.091 1.5 10.399994 -34.700005
27.133 27.111 1.5 10.399994 -34.799995
27.153 27.131 1.5 10.399994 -34.799995
27.172 27.151 1.5 10.399994 -34.700005
27.192 27.171 1.5 10.399994 -34.700005
27.212 27.191 1.5 10.399994 -34.700005
27.232 27.211 1.5 10.399994 -34.700005
27.253 27.231 1.5 10.5 -34.700005
27.272 27.251 1.6000004 10.5 -34.6
27.292 27.271 1.5 10.5 -34.6
27.312 27.291 1.5 10.5 -34.6
27.332 27.311 1.5 10.5 -34.6
27.352 27.331 1.5 10.5 -34.5
27.372 27.351 1.5 10.5 -34.5
27.393 27.371 1.5 10.600006 -34.6
27.412 27.391 1.6000004 10.600006 -34.5
27.432 27.411 1.6000004 10.600006 -34.6
27.453 27.431 1.6000004 10.600006 -34.6
27.476 27.451 1.6000004 10.600006 -34.6
27.492 27.471 1.6000004 10.600006 -34.6
27.512 27.491 1.6000004 10.699997 -34.6
27.533 27.511 1.6000004 10.699997 -34.6
27.552 27.531 1.6000004 10.699997 -34.6
27.572 27.551 1.6000004 10.699997 -34.700005
27.592 27.571 1.6000004 10.800003 -34.700005
27.612 27.591 1.6999998 10.800003 -34.700005
27.632 27.611 1.6999998 10.800003 -34.700005
27.652 27.631 1.6999998 10.800003 -34.799995
27.672 27.651 1.6999998 10.800003 -34.700005
27.692 27.671 1.6999998 10.800003 -34.700005
27.713 27.691 1.6999998 10.800003 -34.700005
27.732 27.711 1.6999998 10.899994 -34.700005
27.752 27.731 1.6999998 10.899994 -34.700005
27.776 27.751 1.6999998 10.899994 -34.700005
27.794 27.771 1.6999998 10.899994 -34.799995
27.812 27.791 1.6999998 10.899994 -34.799995
27.832 27.811 1.6999998 10.899994 -34.700005
27.852 27.831 1.6999998 10.899994 -34.799995
27.872 27.851 1.6999998 10.899994 -34.799995
27.892 27.871 1.6999998 10.899994 -34.799995
27.912 27.891 1.6999998 10.899994 -34.799995
27.932 27.911 1.6999998 10.899994 -34.9
27.952 27.931 1.8000002 11.0 -34.9
27.973 27.951 1.8000002 11.0 -34.9
28.007 27.976 1.8000002 11.0 -34.799995
28.011 28.011 1.6999998 11.0 -34.799995
28.031 28.031 1.6999998 11.0 -34.799995
28.052 28.051 1.6999998 11.0 -34.799995
28.071 28.071 1.8000002 11.0 -34.799995
28.091 28.091 1.8000002 11.100006 -34.9
28.112 28.111 1.8000002 11.100006 -34.9
28.132 28.131 1.8000002 11.0 -34.9
28.152 28.151 1.8000002 11.0 -34.9
28.172 28.171 1.8000002 11.0 -34.9
28.192 28.191 1.8000002 11.0 -34.9
28.212 28.211 1.8000002 11.0 -34.9
28.232 28.231 1.8000002 11.0 -34.799995
28.252 28.251 1.8999996 11.0 -34.799995
28.273 28.271 1.8999996 11.0 -34.799995
28.292 28.291 1.8999996 11.0 -34.700005
28.313 28.311 1.8999996 11.0 -34.799995
28.332 28.331 1.8000002 11.0 -34.700005
28.351 28.351 1.8000002 11.0 -34.700005
28.371 28.371 1.8000002 11.0 -34.799995
28.391 28.391 1.8000002 11.0 -34.700005
28.411 28.411 1.8000002 11.0 -34.6
28.431 28.431 1.8000002 11.0 -34.700005
28.453 28.451 1.8000002 11.0 -34.6
28.472 28.471 1.8999996 11.0 -34.6
28.493 28.491 1.8999996 11.100006 -34.6
28.512 28.511 1.8999996 11.100006 -34.700005
28.532 28.531 1.8999996 11.100006 -34.700005
28.552 28.551 1.8999996 11.100006 -34.6
28.572 28.571 1.8999996 11.100006 -34.6
28.592 28.591 1.8999996 11.100006 -34.700005
28.612 28.611 1.8999996 11.0 -34.700005
28.632 28.631 1.8999996 11.100006 -34.6
28.655 28.651 1.8999996 11.100006 -34.6
28.672 28.671 1.8999996 11.100006 -34.5
28.692 28.691 1.8999996 11.100006 -34.4
28.712 28.711 1.8999996 11.100006 -34.4
28.732 28.731 1.8999996 11.100006 -34.299995
28.751 28.751 1.8999996 11.100006 -34.299995
28.772 28.771 1.8999996 11.100006 -34.299995
28.791 28.791 1.8999996 11.100006 -34.4
28.811 28.811 1.8999996 11.100006 -34.299995
28.831 28.831 1.8999996 11.100006 -34.299995
28.851 28.851 1.8999996 11.100006 -34.200005
28.871 28.871 1.8999996 11.100006 -34.299995
28.891 28.891 1.8999996 11.100006 -34.299995
28.911 28.911 1.8999996 11.100006 -34.299995
28.931 28.931 2.0 11.100006 -34.299995
28.952 28.951 2.0 11.199997 -34.299995
28.971 28.971 2.0 11.199997 -34.299995
28.991 28.991 2.1000004 11.199997 -34.4
29.011 29.011 2.1000004 11.199997 -34.5
29.031 29.031 2.1000004 11.199997 -34.5
29.051 29.051 2.1999998 11.199997 -34.5
29.071 29.071 2.1000004 11.199997 -34.6
29.091 29.091 2.1999998 11.199997 -34.6
29.111 29.111 2.1999998 11.199997 -34.5
29.131 29.131 2.1999998 11.100006 -34.5
29.152 29.151 2.1999998 11.199997 -34.5
29.172 29.171 2.1999998 11.100006 -34.6
29.192 29.191 2.1999998 11.100006 -34.6
29.212 29.211 2.1999998 11.100006 -34.6
29.233 29.231 2.3000002 11.100006 -34.6
29.252 29.251 2.3000002 11.100006 -34.6
29.272 29.271 2.3000002 11.100006 -34.700005
29.293 29.291 2.3000002 11.100006 -34.700005
29.312 29.311 2.3000002 11.100006 -34.700005
29.333 29.331 2.3000002 11.100006 -34.700005
29.352 29.351 2.3000002 11.100006 -34.700005
29.372 29.371 2.3000002 11.100006 -34.700005
29.392 29.391 2.3999996 11.100006 -34.6
29.412 29.411 2.3999996 11.100006 -34.6
29.432 29.431 2.3000002 11.100006 -34.700005
29.453 29.451 2.3000002 11.100006 -34.700005
29.473 29.471 2.3000002 11.100006 -34.700005
29.493 29.491 2.3000002 11.0 -34.700005
29.512 29.511 2.3000002 11.0 -34.6
29.536 29.531 2.3000002 11.0 -34.6
29.552 29.551 2.3000002 11.100006 -34.6
29.572 29.571 2.3000002 11.100006 -34.6
29.592 29.591 2.1999998 11.100006 -34.6
29.612 29.611 2.1999998 11.100006 -34.6
29.633 29.631 2.1999998 11.100006 -34.6
29.652 29.651 2.1999998 11.100006 -34.6
29.672 29.671 2.1999998 11.100006 -34.4
29.692 29.691 2.1999998 11.0 -34.4
29.712 29.711 2.1999998 11.0 -34.4
29.732 29.731 2.1000004 11.0 -34.4
29.753 29.751 2.1000004 11.0 -34.4
29.772 29.771 2.1999998 11.0 -34.4
29.791 29.791 2.1000004 11.100006 -34.4
29.811 29.811 2.1000004 11.0 -34.4
29.837 29.831 2.1000004 11.0 -34.4
29.852 29.851 2.1000004 11.0 -34.4
29.872 29.871 2.1000004 11.0 -34.5
29.892 29.891 2.0 11.100006 -34.5
29.913 29.911 2.0 11.0 -34.6
29.932 29.931 2.0 11.0 -34.5
29.952 29.951 1.8999996 11.0 -34.6
29.976 29.972 1.8999996 11.0 -34.5
29.992 29.991 1.8000002 11.0 -34.5
30.014 30.011 1.8000002 11.0 -34.5
30.031 30.031 1.8999996 11.0 -34.5
30.051 30.051 1.8999996 11.0 -34.5
30.071 30.071 1.8999996 11.100006 -34.5
30.092 30.091 1.8999996 11.100006 -34.5
30.112 30.111 1.8999996 11.100006 -34.6
30.135 30.131 2.0 11.100006 -34.6
30.152 30.151 1.8999996 11.100006 -34.6
30.172 30.171 1.8999996 11.100006 -34.5
30.192 30.191 1.8999996 11.0 -34.4
30.212 30.211 2.0 11.100006 -34.4
30.232 30.231 1.8999996 11.100006 -34.4
30.252 30.251 1.8999996 11.0 -34.4
30.272 30.271 1.8999996 11.100006 -34.4
30.291 30.291 2.0 11.100006 -34.4
30.312 30.311 1.8999996 11.100006 -34.4
30.331 30.331 1.8999996 11.100006 -34.4
30.351 30.351 1.8999996 11.100006 -34.4
30.371 30.371 1.8999996 11.100006 -34.299995
30.391 30.391 1.8999996 11.100006 -34.299995
30.412 30.411 2.0 11.199997 -34.299995
